Namespace(compressed=True, dataset='LANL', delta=0.5, encoder='GCN', fpweight=0.6, hidden=32, impl='TEDGE', load=False, ngrus=1, nowrite=False, rnn='LSTM', te_end=None, tests=5, threads=1, workers=8, zdim=16)

[0]:
, TPR, FPR, TP, FP, F1, AUC, AP, UW_TPR, UW_FPR, UW_TP, UW_FP, UW_F1, UW_AUC, UW_AP, FwdTime, TPE, tr_time
mean, 0.19705565571784972, 0.028089403733611108, 548.8, 1219670.6, 0.000992582098990702, 0.5565382987528236, 0.00020882808274087493, 0.502400004863739, 0.008531117066740989, 314.0, 122968.8, 0.00504644078005139, 0.8884201996954382, 0.0017849401919081622, 502.7223192214966, 53.446093958751796, 6323.64204044342
stderr, 0.024375139423042782, 0.0031887192963710527, 67.88475528423153, 138457.44907320803, 0.00023957185768486259, 0.06075302070703041, 2.4488480138490378e-05, 0.07838857025642244, 7.793106253385159e-05, 48.99285662216482, 1123.3098592997392, 0.0007481818547363073, 0.010456755875611106, 0.0002193371212403326, 1.8340246759324685, 0.28222136561107136, 96.49006068051236

0.1709156185388565, 0.02948753908276558, 476.0, 1280379.0, 0.000741640958524197, 0.7489370683506363, 0.00019892429594406372, 0.42080000042915344, 0.008384192362427711, 263.0, 120851.0, 0.004320718915055981, 0.8998574833202097, 0.0015886715916357105, 499.0058476924896, 52.93181471239056, 6451.343957185745
0.2682226300239563, 0.03138044476509094, 747.0, 1362571.0, 0.0010936217840089657, 0.3979921919440121, 0.00028085122204125646, 0.7408000230789185, 0.008804542943835258, 463.0, 126910.0, 0.0072344880388756075, 0.8553066762868431, 0.0026151149116257918, 501.76604199409485, 53.71362155881421, 6575.749572515488
0.1816876083612442, 0.034440115094184875, 506.0, 1495425.0, 0.0006752446761094164, 0.6282149409114824, 0.00018131101559358922, 0.4480000138282776, 0.008593430742621422, 280.0, 123867.0, 0.004488186452088609, 0.9187689119927294, 0.0015549757612949523, 504.9094281196594, 53.1595135750594, 6089.4914627075195
0.12998203933238983, 0.029251592233777046, 362.0, 1270134.0, 0.0005686097569978661, 0.5256674563755196, 0.00013979470861106026, 0.29120001196861267, 0.008395430631935596, 182.0, 121013.0, 0.002988015104252175, 0.8834102603344631, 0.0013593670856148594, 499.23895382881165, 54.43129110762051, 6393.826419830322
0.23447038233280182, 0.01588732749223709, 653.0, 689844.0, 0.0018837933193130646, 0.48187983618246744, 0.00024325917151440498, 0.6111999750137329, 0.00847798865288496, 382.0, 122203.0, 0.006200795389984579, 0.8847576665429456, 0.0018065716093694972, 508.69132447242737, 52.99422883987427, 6107.798789978027

Namespace(compressed=True, dataset='LANL', delta=1.0, encoder='GCN', fpweight=0.6, hidden=32, impl='TEDGE', load=False, ngrus=1, nowrite=False, rnn='LSTM', te_end=None, tests=5, threads=1, workers=8, zdim=16)

[0]:
, TPR, FPR, TP, FP, F1, AUC, AP, UW_TPR, UW_FPR, UW_TP, UW_FP, UW_F1, UW_AUC, UW_AP, FwdTime, TPE, tr_time
mean, 0.1343561127781868, 0.030940357968211173, 578.0, 1343415.0, 0.0008869172440671647, 0.6040334936191153, 0.00021664733955560717, 0.5026489973068238, 0.009267623163759708, 303.6, 100130.2, 0.005957868529962859, 0.8910411858680265, 0.00201479020408552, 245.94819684028624, 30.511570720549777, 3358.4036959171294
stderr, 0.01904913480670825, 0.0019300227853045946, 81.94937461628368, 83800.62261522881, 0.00016575164462659877, 0.03167832016404547, 1.4859386032668122e-05, 0.08782109444874099, 0.0001462694878618149, 53.04394404642249, 1580.3401026361382, 0.0009687006919802978, 0.003806196322907325, 0.0002079317790224727, 1.8847507099926666, 0.32978595904821684, 137.1060195240539

0.12040910869836807, 0.027753425762057304, 518.0, 1205040.0, 0.0008562974228423123, 0.5463966605161259, 0.00019105811100795202, 0.43543046712875366, 0.009433186613023281, 263.0, 101919.0, 0.005117428443562353, 0.8832472280225545, 0.0017675097917363796, 245.3732452392578, 31.357441041429166, 3632.009086370468
0.1041376069188118, 0.03521323204040527, 448.0, 1528941.0, 0.0005842115523922354, 0.7044184250472344, 0.00024036349402320443, 0.374172180891037, 0.009131177328526974, 226.0, 98656.0, 0.004543352833564522, 0.8856603786464988, 0.0016900786535235164, 246.22035312652588, 30.518938466122275, 3452.053839445114
0.18712227046489716, 0.02520841732621193, 805.0, 1094537.0, 0.0014641102029384055, 0.5709126679956451, 0.0002603209751549653, 0.746688723564148, 0.009636902250349522, 451.0, 104120.0, 0.008576182552888044, 0.894101192100447, 0.0027152662986801787, 252.66831517219543, 31.058900774570933, 3526.428886413574
0.08926080912351608, 0.03215928003191948, 384.0, 1396340.0, 0.0005481696984923906, 0.6517928974149662, 0.0001812948522718297, 0.28807947039604187, 0.008780206553637981, 174.0, 94864.0, 0.003638568829593693, 0.9044509880606169, 0.001634948347366734, 241.17587637901306, 30.1106685019554, 2844.9628443717957
0.17085076868534088, 0.034367434680461884, 735.0, 1492217.0, 0.0009817973436704796, 0.5466468171216049, 0.0002101992653200843, 0.6688741445541382, 0.009356643073260784, 404.0, 101092.0, 0.00791380999020568, 0.8877461425100155, 0.0022661479291207908, 244.3031942844391, 29.51190481867109, 3336.5638229846954

Namespace(compressed=True, dataset='LANL', delta=2.0, encoder='GCN', fpweight=0.6, hidden=32, impl='TEDGE', load=False, ngrus=1, nowrite=False, rnn='LSTM', te_end=None, tests=5, threads=1, workers=8, zdim=16)

[0]:
, TPR, FPR, TP, FP, F1, AUC, AP, UW_TPR, UW_FPR, UW_TP, UW_FP, UW_F1, UW_AUC, UW_AP, FwdTime, TPE, tr_time
mean, 0.06701905652880669, 0.028134463354945183, 481.8, 1221503.2, 0.0008044665274964773, 0.5866413385331692, 0.00030149821125501075, 0.30068026930093766, 0.010709976032376289, 176.8, 76257.6, 0.004606582760635444, 0.8775156053652093, 0.002037202405245979, 124.05922117233277, 19.804466715936915, 1986.1852378845215
stderr, 0.009306643538796936, 0.0030729251874551996, 66.90545568187993, 133416.0305658207, 0.0001093750275366661, 0.07791469239779834, 5.599842720952226e-05, 0.09322675298901892, 0.0002637102064543589, 54.81733302523938, 1877.6803934642337, 0.0014392208830101758, 0.007839108520109574, 0.0002356828510840533, 0.7361450355271595, 0.22751463412953288, 101.8586470797107

0.05856169015169144, 0.03738110139966011, 421.0, 1622961.0, 0.0005163835245444694, 0.30655713287179254, 0.00016029948146233696, 0.20408163964748383, 0.011705644428730011, 120.0, 83347.0, 0.0028552733329367673, 0.8534782576024916, 0.0017282598717355822, 125.15236282348633, 20.020087470813674, 1850.6314134597778
0.07636667042970657, 0.02710413932800293, 549.0, 1176770.0, 0.0009269671458529619, 0.5957622223660191, 0.0002774355780020707, 0.34353742003440857, 0.01060357503592968, 202.0, 75500.0, 0.0052955826451697476, 0.8645362261971067, 0.001986854650959518, 125.08724641799927, 19.52573383808136, 1863.5127279758453
0.04131311550736427, 0.024097410961985588, 297.0, 1046228.0, 0.0005637203263883749, 0.6012557792588771, 0.00025551607788599595, 0.07482992857694626, 0.010470152832567692, 44.0, 74550.0, 0.0011704929371392087, 0.8862996435962449, 0.0015573637943985814, 125.44548392295837, 19.047293127500094, 2370.7928528785706
0.06203922629356384, 0.019829344004392624, 446.0, 860923.0, 0.0010269895620096758, 0.7848610385492818, 0.0005013911677042077, 0.25, 0.010140528902411461, 147.0, 72203.0, 0.0040308206970303545, 0.89351242751238, 0.0019927442291505903, 121.7987322807312, 20.1888444738568, 2018.3129172325134
0.0968145802617073, 0.03226032108068466, 696.0, 1400634.0, 0.0009882720786869043, 0.644770519619876, 0.0003128487512204423, 0.6309523582458496, 0.010629978962242603, 371.0, 75688.0, 0.009680744190901145, 0.8897514719178233, 0.002920789479985622, 122.81228041648865, 20.24037466943264, 1827.6762778759003

Namespace(compressed=True, dataset='LANL', delta=3.0, encoder='GCN', fpweight=0.6, hidden=32, impl='TEDGE', load=False, ngrus=1, nowrite=False, rnn='LSTM', te_end=None, tests=5, threads=1, workers=8, zdim=16)

[0]:
, TPR, FPR, TP, FP, F1, AUC, AP, UW_TPR, UW_FPR, UW_TP, UW_FP, UW_F1, UW_AUC, UW_AP, FwdTime, TPE, tr_time
mean, 0.07915261387825012, 0.030660984665155412, 751.0, 1331125.8, 0.0011499411849887364, 0.7572829010422, 0.0006008224425281943, 0.4760069966316223, 0.013211548142135144, 271.8, 68173.2, 0.007879736914007403, 0.8994822838231393, 0.002581587183874769, 83.23969626426697, 14.351290917584368, 1442.8488597393036
stderr, 0.003272211857064375, 0.0021526186954852725, 31.046738959188612, 93454.4718493449, 0.00011858701730364685, 0.028266423578775516, 6.229133763935268e-05, 0.02904435826987238, 0.0002869723514651906, 16.5843299533023, 1480.8123243679463, 0.0004773369990279843, 0.0033553982028564754, 6.831764665693863e-05, 0.5201288784570806, 0.16190602838261736, 106.35600505346427

0.067242830991745, 0.031343553215265274, 638.0, 1360759.0, 0.0009307855874125108, 0.8087000582484161, 0.0006408848849459034, 0.37828370928764343, 0.012549315579235554, 216.0, 64756.0, 0.006591092870329402, 0.9048280048505704, 0.002541544599526084, 83.51966071128845, 14.303228230311953, 1528.03941988945
0.07946880161762238, 0.03389305621385574, 754.0, 1471444.0, 0.0010177594983012594, 0.7632129288837146, 0.0007294059525422068, 0.4798598885536194, 0.013926608487963676, 274.0, 71863.0, 0.007536997304285635, 0.9011433027719771, 0.0024326368533775775, 83.6030809879303, 14.004402898825132, 1342.2887535095215
0.08653035759925842, 0.024519743397831917, 821.0, 1064508.0, 0.001527701925071896, 0.6481709357242653, 0.00037594413256852833, 0.556917667388916, 0.013147363439202309, 318.0, 67842.0, 0.009253466412535829, 0.8935734263253559, 0.002719479157687109, 82.64346170425415, 14.845950949866817, 1425.0787048339844
0.0833684653043747, 0.0272152591496706, 791.0, 1181532.0, 0.0013273916753579215, 0.7778876240993289, 0.0006894125960710328, 0.5008756518363953, 0.012628577649593353, 286.0, 65165.0, 0.00866377874041986, 0.890036125186144, 0.0027640397860679146, 81.65991806983948, 14.025782124562697, 1136.9304690361023
0.07915261387825012, 0.03633331134915352, 751.0, 1577386.0, 0.0009460672388000946, 0.7884429582552749, 0.0005684646465133001, 0.4640980660915375, 0.013805875554680824, 265.0, 71240.0, 0.007353349242466286, 0.9078305599816489, 0.002450235522715159, 84.77235984802246, 14.577090384355232, 1781.9069514274597

Namespace(compressed=True, dataset='LANL', delta=4.0, encoder='GCN', fpweight=0.6, hidden=32, impl='TEDGE', load=False, ngrus=1, nowrite=False, rnn='LSTM', te_end=None, tests=5, threads=1, workers=8, zdim=16)

[0]:
, TPR, FPR, TP, FP, F1, AUC, AP, UW_TPR, UW_FPR, UW_TP, UW_FP, UW_F1, UW_AUC, UW_AP, FwdTime, TPE, tr_time
mean, 0.07457270175218582, 0.02497362270951271, 920.6, 1082735.8, 0.0016967580022906117, 0.5543071614310914, 0.00044879710970255175, 0.5463587939739227, 0.015309361182153225, 307.6, 63393.8, 0.009586794218367887, 0.8910760175046668, 0.003064273244324566, 63.79867014884949, 13.98968512440245, 1389.1780641555786
stderr, 0.004756044918059784, 0.0011441094291261918, 58.713371560488675, 49603.069926568045, 0.00013241740813212585, 0.07880100533895963, 4.843502909699297e-05, 0.0758243456237456, 0.00026863421352952, 42.689108681254986, 1112.3746401280462, 0.001358023726948896, 0.0062320371285556585, 0.0002711946189659968, 0.2313020487425815, 0.09279374127693399, 68.61108530744686

0.0843256413936615, 0.025326987728476524, 1041.0, 1098056.0, 0.0018732421484881803, 0.449146460053862, 0.0003828361600979904, 0.7264653444290161, 0.015924982726573944, 409.0, 65943.0, 0.012224463872076515, 0.8868022400909046, 0.0034633930271329673, 64.57876086235046, 14.13148379759355, 1424.4885094165802
0.060267314314842224, 0.02833426371216774, 744.0, 1228437.0, 0.0011985250409576602, 0.6558763858299899, 0.0004676906760134605, 0.3321492075920105, 0.015145916491746902, 187.0, 62717.0, 0.005892826193139742, 0.9047826987730426, 0.00252758932095629, 63.84742021560669, 14.07875847425617, 1576.2172577381134
0.085945725440979, 0.02562911994755268, 1061.0, 1111155.0, 0.001886958555382945, 0.6874335212556475, 0.0005858025226224344, 0.7122557759284973, 0.014446543529629707, 401.0, 59821.0, 0.013194044583367604, 0.8960716880398175, 0.003932694965451789, 63.7127161026001, 14.071169327716438, 1250.2470517158508
0.07128392159938812, 0.024335641413927078, 880.0, 1055076.0, 0.0016474757582366766, 0.6853771752768069, 0.0005023073297462811, 0.46536412835121155, 0.015191559679806232, 262.0, 62906.0, 0.008222058338955925, 0.8987207149167897, 0.002733279212855963, 63.130775928497314, 13.622853549860292, 1480.016804933548
0.07104090601205826, 0.02124210074543953, 877.0, 920955.0, 0.0018775885083875967, 0.29370226473915073, 0.0003053488600325922, 0.4955595135688782, 0.01583780348300934, 279.0, 65582.0, 0.008400578104299651, 0.8690027457027792, 0.0026644096952258205, 63.72367763519287, 14.0441604725858, 1214.9206969738007

