Namespace(compressed=True, dataset='LANL', delta=0.25, encoder='GCN', fpweight=0.6, hidden=32, impl='STATIC', load=False, ngrus=1, nowrite=False, rnn='LSTM', te_end=None, tests=5, threads=1, workers=8, zdim=16)

[0]:
, TPR, FPR, TP, FP, F1, AUC, AP, UW_TPR, UW_FPR, UW_TP, UW_FP, UW_F1, UW_AUC, UW_AP, FwdTime, TPE, tr_time
mean, 0.3560606062412262, 0.02210187204182148, 705.0, 959703.6, 0.0014654032348882765, 0.7802692332164656, 0.0004027322207002522, 0.7753466963768005, 0.005679733119904995, 503.2, 109793.4, 0.009082720500501759, 0.9324931764052302, 0.004728117736114723, 384.5287606716156, 31.973222893277807, 689.9727519512177
stderr, 0.0011516962601026985, 0.00019359537074556895, 2.2803508501982757, 8406.26723700835, 8.870573311699143e-06, 0.0033746425177757747, 6.332228311717776e-05, 0.0008984470006927577, 0.00010695143438094154, 0.58309518948453, 2067.450231565442, 0.00015585494681142278, 0.0006133281203950707, 0.00035690603681733937, 10.143554025951989, 0.23156976095746892, 11.030314442971166

0.35555556416511536, 0.0218415055423975, 704.0, 948398.0, 0.0014804191436700513, 0.780959485232336, 0.00039564651794883355, 0.7765793800354004, 0.005614479538053274, 504.0, 108532.0, 0.009189953047362904, 0.9328320497399236, 0.005120402521439877, 424.75362968444824, 32.80582779248555, 684.8121612071991
0.3545454442501068, 0.021768154576420784, 702.0, 945213.0, 0.0014811767126105741, 0.7743594260137353, 0.00036038196055694334, 0.7734977006912231, 0.005438386928290129, 502.0, 105128.0, 0.009446833334901532, 0.9321531482555256, 0.0044514051927718006, 375.34112882614136, 31.765493750572205, 701.716029882431
0.3550505042076111, 0.021863844245672226, 703.0, 949368.0, 0.0014768116413931606, 0.7868614528943779, 0.000646541009799767, 0.7750385403633118, 0.0057330988347530365, 503.0, 110825.0, 0.00898398778320548, 0.9337175118556713, 0.005912215833022398, 369.43659496307373, 31.438676404953004, 649.0894002914429
0.3545454442501068, 0.022228477522730827, 702.0, 965201.0, 0.0014505885525419912, 0.7709816653256265, 0.0003025999936048316, 0.7734977006912231, 0.005550074391067028, 502.0, 107287.0, 0.009258746933731719, 0.9302932078804849, 0.003890504240049243, 377.04865860939026, 31.775924876332283, 704.9895160198212
0.3606060743331909, 0.022807378321886063, 714.0, 990338.0, 0.0014380201242256041, 0.7881841366162516, 0.00030849162159088557, 0.7781201601028442, 0.006062625907361507, 505.0, 117195.0, 0.008534081403307168, 0.9334699642945451, 0.004266060893290297, 376.0637912750244, 32.080191642045975, 709.2566523551941

Namespace(compressed=True, dataset='LANL', delta=0.5, encoder='GCN', fpweight=0.6, hidden=32, impl='STATIC', load=False, ngrus=1, nowrite=False, rnn='LSTM', te_end=None, tests=5, threads=1, workers=8, zdim=16)

[0]:
, TPR, FPR, TP, FP, F1, AUC, AP, UW_TPR, UW_FPR, UW_TP, UW_FP, UW_F1, UW_AUC, UW_AP, FwdTime, TPE, tr_time
mean, 0.25335727334022523, 0.020547421649098396, 705.6, 892190.0, 0.0015757194531041997, 0.7429760308224953, 0.00032883295842561674, 0.7609600067138672, 0.0050103960558772085, 475.6, 72220.6, 0.013002368053982994, 0.9312174175182026, 0.009076827301384288, 196.13522624969482, 16.472500349283216, 351.9905610561371
stderr, 0.0002917062764577432, 0.00010626705430720151, 0.8124038404635959, 4614.2326122552595, 7.85567401523006e-06, 0.007334450515692991, 1.9448819800471283e-05, 0.0012998498061179463, 0.00011978877898037001, 0.8124038404635959, 1726.6535437081754, 0.0003114110027099401, 0.0014739685507938786, 0.0006285231883632092, 3.944343378278567, 0.0998568409869817, 5.295615745819761

0.2531418204307556, 0.02019231766462326, 705.0, 876771.0, 0.001601797648651934, 0.7296025705462548, 0.0003007084419904631, 0.7599999904632568, 0.00468227406963706, 475.0, 67491.0, 0.01385021358487265, 0.9337461735863718, 0.010864926108345035, 185.2298264503479, 16.663833808898925, 352.8483500480652
0.25421902537345886, 0.020816991105675697, 708.0, 903895.0, 0.0015605231720058012, 0.7494086450845759, 0.0003125737351848079, 0.7648000121116638, 0.0050874315202236176, 478.0, 73331.0, 0.01284359298170191, 0.9341081003319658, 0.009728463872072105, 193.81312084197998, 16.404662638902664, 371.2483093738556
0.25350090861320496, 0.020578397437930107, 706.0, 893535.0, 0.0015740903831104114, 0.7585332372965797, 0.00040562803361388923, 0.7616000175476074, 0.005081534385681152, 476.0, 73246.0, 0.01280482063835797, 0.9322491128786642, 0.009499651661122365, 208.9053554534912, 16.354089482625326, 343.6842665672302
0.2524237036705017, 0.020685695111751556, 703.0, 898194.0, 0.0015593080487355854, 0.7216898086813892, 0.0003060299366733432, 0.7567999958992004, 0.005376175511628389, 473.0, 77493.0, 0.012037001692305734, 0.9261441424156125, 0.007684250392858194, 199.8031132221222, 16.738456757863364, 351.11339497566223
0.25350090861320496, 0.02046370692551136, 706.0, 888555.0, 0.001582878013017266, 0.7556458925036766, 0.00031922464466558015, 0.7616000175476074, 0.004824564792215824, 476.0, 69542.0, 0.013476211372676699, 0.9298395583783987, 0.007606844472523742, 192.92471528053284, 16.201459058125813, 341.0584843158722

Namespace(compressed=True, dataset='LANL', delta=1.0, encoder='GCN', fpweight=0.6, hidden=32, impl='STATIC', load=False, ngrus=1, nowrite=False, rnn='LSTM', te_end=None, tests=5, threads=1, workers=8, zdim=16)

[0]:
, TPR, FPR, TP, FP, F1, AUC, AP, UW_TPR, UW_FPR, UW_TP, UW_FP, UW_F1, UW_AUC, UW_AP, FwdTime, TPE, tr_time
mean, 0.16448163390159606, 0.0216788150370121, 707.6, 941283.4, 0.0014985376689225457, 0.7111257757084863, 0.0003904319085567022, 0.7417218446731567, 0.004599501099437475, 448.0, 49694.4, 0.01772426347971017, 0.9271857879615946, 0.011507485408307105, 100.08300013542176, 8.51373874604702, 183.31245546340944
stderr, 0.0003570969039541303, 0.00048205772349837285, 1.5362291495737215, 20930.714542509053, 3.419187216882372e-05, 0.004990904004686827, 7.311299453807527e-05, 0.001736436646193869, 0.00014449905003573453, 1.0488088481701516, 1561.2114078496866, 0.0005514579458858988, 0.0015530072682315922, 0.0013990558190290678, 1.966823664978252, 0.0834988725047047, 3.9563973090099953

0.16503950953483582, 0.020498691126704216, 710.0, 890043.0, 0.0015864946846841812, 0.6987768507050581, 0.00033566158351206897, 0.7450330853462219, 0.004427125211805105, 450.0, 47832.0, 0.01841017878329174, 0.9292864443323451, 0.014308106570429746, 95.93216943740845, 8.714878603816032, 197.66495084762573
0.16480706632137299, 0.021935971453785896, 709.0, 952449.0, 0.0014810018173082948, 0.7177331964134849, 0.00029272816919172933, 0.7433775067329407, 0.004633709788322449, 449.0, 50064.0, 0.017567541131130543, 0.9300363502739696, 0.010935983554995934, 100.11851787567139, 8.263822460174561, 174.46061396598816
0.16341236233711243, 0.02330261468887329, 703.0, 1011788.0, 0.0013827789923809468, 0.7174768958058586, 0.00029868648543235387, 0.7367549538612366, 0.005033272784203291, 445.0, 54381.0, 0.016056287209092548, 0.9224171653265698, 0.007305988572424347, 106.22167825698853, 8.64653639793396, 183.9019796848297
0.16527196764945984, 0.02171984687447548, 711.0, 943065.0, 0.001499876592432268, 0.6993862409569115, 0.0006800611862669778, 0.7450330853462219, 0.004729967564344406, 450.0, 51104.0, 0.017255262855170827, 0.9245506998199015, 0.014878976900694363, 102.26559972763062, 8.384090121587118, 178.05154848098755
0.16387726366519928, 0.02093695104122162, 705.0, 909072.0, 0.0015425362578070385, 0.7222556946611186, 0.00034502211838038086, 0.7384105920791626, 0.004173430148512125, 446.0, 45091.0, 0.019332047419865196, 0.929638280055187, 0.010108371442991142, 95.87703537940979, 8.559366146723429, 182.48318433761597

Namespace(compressed=True, dataset='LANL', delta=2.0, encoder='GCN', fpweight=0.6, hidden=32, impl='STATIC', load=False, ngrus=1, nowrite=False, rnn='LSTM', te_end=None, tests=5, threads=1, workers=8, zdim=16)

[0]:
, TPR, FPR, TP, FP, F1, AUC, AP, UW_TPR, UW_FPR, UW_TP, UW_FP, UW_F1, UW_AUC, UW_AP, FwdTime, TPE, tr_time
mean, 0.09728752225637435, 0.018389300629496574, 699.4, 798401.2, 0.001740622160793986, 0.6796777526802664, 0.0004090131732348481, 0.7204081535339355, 0.004629366472363472, 423.6, 32962.2, 0.025109975837131766, 0.9225451770247217, 0.01535016084425167, 48.362607383728026, 4.479725473125776, 96.73111095428467
stderr, 0.00023524199231573926, 0.0005400657369653726, 1.6911534525287764, 23447.823786867728, 4.9561409492318535e-05, 0.031601321533044395, 3.207441319886845e-05, 0.0015771405372256124, 0.00020272025336244182, 0.9273618495495702, 1443.4167243038303, 0.0010201626154771881, 0.0028912488538184924, 0.0032174656916863784, 0.8656084724646835, 0.05051477836789071, 3.893374900880934

0.09764918684959412, 0.01856086589396, 702.0, 805850.0, 0.0017253647044944277, 0.6497421320314566, 0.0004898444159341084, 0.7227891087532043, 0.004453923087567091, 425.0, 31713.0, 0.025973232292366925, 0.9242202302226914, 0.0281633089196969, 47.04589009284973, 4.435014367103577, 99.30242133140564
0.09723187983036041, 0.018650302663445473, 699.0, 809733.0, 0.0017098386660812284, 0.6623684988649524, 0.0003669749559162641, 0.7210884094238281, 0.004316848702728748, 424.0, 30737.0, 0.026709502661501152, 0.9280494831453362, 0.012251866332664042, 49.20656609535217, 4.511984691023827, 103.27962517738342
0.09751008450984955, 0.01972348615527153, 701.0, 856327.0, 0.0016222777381143857, 0.6274239033098561, 0.0003502979389751574, 0.7210884094238281, 0.004663466475903988, 424.0, 33205.0, 0.024783002601046263, 0.9181919190830612, 0.01280187357542106, 47.37299370765686, 4.372044503688812, 98.53348684310913
0.09764918684959412, 0.018600251525640488, 702.0, 807560.0, 0.001721746616289636, 0.6549400150263707, 0.00035329120454312976, 0.7227891087532043, 0.004313478246331215, 425.0, 30713.0, 0.02679190569249196, 0.9285866192903686, 0.012505766330013096, 46.80349349975586, 4.418994605541229, 101.03671169281006
0.0963972732424736, 0.016411596909165382, 693.0, 712536.0, 0.0019238830789902526, 0.8039142141686966, 0.0004846573508055807, 0.7142857313156128, 0.005399115849286318, 420.0, 38443.0, 0.021292235938252514, 0.9136776333821509, 0.011027989063463257, 51.38409352302551, 4.660589198271434, 81.50330972671509

Namespace(compressed=True, dataset='LANL', delta=3.0, encoder='GCN', fpweight=0.6, hidden=32, impl='STATIC', load=False, ngrus=1, nowrite=False, rnn='LSTM', te_end=None, tests=5, threads=1, workers=8, zdim=16)

[0]:
, TPR, FPR, TP, FP, F1, AUC, AP, UW_TPR, UW_FPR, UW_TP, UW_FP, UW_F1, UW_AUC, UW_AP, FwdTime, TPE, tr_time
mean, 0.07440978139638901, 0.019164763763546942, 706.0, 832025.2, 0.0016813642902245324, 0.619779322470349, 0.00041828856442076333, 0.7148861527442932, 0.005222744680941105, 408.2, 26950.0, 0.029618547504534666, 0.9231185819157697, 0.02242695001855652, 33.803821325302124, 3.562885258302969, 79.83115577697754
stderr, 0.0002867091133204733, 0.0005471381658974396, 2.7202941017470885, 23753.635415236968, 4.3265147955900244e-05, 0.013381195498426151, 5.702272257243616e-06, 0.0026211292507817186, 0.00033535919977151365, 1.4966629547095764, 1730.494351334323, 0.0015686384091334795, 0.0013026972186422283, 0.006098023828311965, 1.3628431091674111, 0.06663388366255033, 1.93117395283893

0.07514755427837372, 0.020676448941230774, 713.0, 897654.0, 0.0015707354147964157, 0.6356155041073692, 0.00041944825271934887, 0.721541166305542, 0.006480854470282793, 412.0, 33442.0, 0.023936092955700795, 0.9269465382880064, 0.04665843018170654, 34.14970827102661, 3.7025968467488006, 86.21860671043396
0.07346121221780777, 0.018120933324098587, 697.0, 786708.0, 0.0017492938198729316, 0.5777352061837311, 0.0004346862385290877, 0.7057793140411377, 0.0045438846573233604, 403.0, 23447.0, 0.03300438147496007, 0.9189061094579761, 0.01409167327362349, 38.77483415603638, 3.5066398084163666, 77.43176317214966
0.07483136653900146, 0.018303360790014267, 710.0, 794628.0, 0.001764356519297339, 0.5996150261596069, 0.0004023518217907368, 0.7180384993553162, 0.004793297499418259, 410.0, 24734.0, 0.0318880031110247, 0.9223484504141543, 0.01834749966698055, 32.739256858825684, 3.394601121544838, 77.06636357307434
0.07430438697338104, 0.020308367908000946, 705.0, 881674.0, 0.0015809532138760598, 0.6366075787057837, 0.0004253775144633404, 0.7145358920097351, 0.005218481179326773, 408.0, 26928.0, 0.029239975633353635, 0.9240717505035762, 0.017073857741944972, 32.712483406066895, 3.736065074801445, 82.3531928062439
0.07430438697338104, 0.018414707854390144, 705.0, 799462.0, 0.0017414824832799154, 0.6493232971952537, 0.00040957899460130275, 0.7145358920097351, 0.00507720559835434, 408.0, 26199.0, 0.03002428434763411, 0.9233200609151351, 0.01596328922852704, 30.642823934555054, 3.474523440003395, 76.08585262298584

Namespace(compressed=True, dataset='LANL', delta=4.0, encoder='GCN', fpweight=0.6, hidden=32, impl='STATIC', load=False, ngrus=1, nowrite=False, rnn='LSTM', te_end=None, tests=5, threads=1, workers=8, zdim=16)

[0]:
, TPR, FPR, TP, FP, F1, AUC, AP, UW_TPR, UW_FPR, UW_TP, UW_FP, UW_F1, UW_AUC, UW_AP, FwdTime, TPE, tr_time
mean, 0.056362899392843245, 0.01846712827682495, 695.8, 800645.6, 0.0017117516881910923, 0.6299324546063699, 0.0005200145110744408, 0.7104795813560486, 0.0057024496607482435, 400.0, 23613.0, 0.03295051975521003, 0.9167222806665889, 0.01752026893751434, 25.05086851119995, 2.8752017274907993, 62.301091241836545
stderr, 0.0004469216015149069, 0.00024856800022622546, 5.517245689653488, 10776.703752075586, 3.086553234576684e-05, 0.04497447809764062, 6.979570914917975e-05, 0.004631756085879339, 0.000329296989946892, 2.6076809620810595, 1363.5699835358653, 0.0017979953683674127, 0.004651133384729845, 0.0008920825330483848, 1.0430340724960363, 0.08859734244966674, 4.46942684708655

0.056703120470047, 0.01790953427553177, 700.0, 776471.0, 0.0017732382877611093, 0.557844664247619, 0.0004634162204327942, 0.7122557759284973, 0.0052201817743480206, 401.0, 21616.0, 0.035518157661647475, 0.9189426246031872, 0.01862054869439295, 28.46952486038208, 2.862702973683675, 59.31360340118408
0.05702713504433632, 0.019102932885289192, 704.0, 828211.0, 0.001673679956256092, 0.6187723230407277, 0.0004853499778966467, 0.7193605899810791, 0.005964231677353382, 405.0, 24697.0, 0.0315604909409702, 0.923602880258797, 0.017352397021104436, 26.45001196861267, 2.893208433600033, 70.34459853172302
0.05686512589454651, 0.0181716475635767, 702.0, 787835.0, 0.0017530672433641909, 0.5404690194182135, 0.0004210917385631291, 0.7158081531524658, 0.00527331093326211, 403.0, 21836.0, 0.03534777651083238, 0.9184912066620129, 0.01888535821023937, 23.313559532165527, 2.6721200101515827, 64.25574994087219
0.054597001522779465, 0.01902833953499794, 674.0, 824977.0, 0.001608599563721068, 0.7944372306438015, 0.0007955966835829905, 0.6927176117897034, 0.006885298062115908, 390.0, 28511.0, 0.02647298398045072, 0.8986742153178251, 0.014116003458279916, 23.091914653778076, 2.755185683568319, 46.59950399398804
0.05662211403250694, 0.018123187124729156, 699.0, 785734.0, 0.0017501733898530006, 0.6381390356814878, 0.00043461793489664327, 0.7122557759284973, 0.005169225856661797, 401.0, 21405.0, 0.0358531896821494, 0.9239004764911225, 0.01862703730355501, 23.9293315410614, 3.192791536450386, 70.9920003414154

