Namespace(compressed=True, dataset='LANL', delta=0.5, encoder='GCN', fpweight=0.6, hidden=32, impl='DYNTEDGE', load=False, ngrus=1, nowrite=False, rnn='GRU', te_end=None, tests=5, threads=1, workers=8, zdim=16)

[0]:
, TPR, FPR, TP, FP, F1, AUC, AP, UW_TPR, UW_FPR, UW_TP, UW_FP, UW_F1, UW_AUC, UW_AP, FwdTime, TPE, tr_time
mean, 0.11103919632732868, 0.024868309125304223, 308.8, 1079438.4, 0.0006084146179128256, 0.6067045393889201, 0.0001749255281899864, 0.3291465356945992, 0.007337771076709032, 204.4, 105731.8, 0.00395203349011365, 0.8552512176663871, 0.0015677154308775837, 169.95884518623353, 56.51526439695131, 5322.8260922908785
stderr, 0.03483417371504594, 0.0029170391876096524, 96.87383547687166, 126617.53785420088, 0.0002087403074583937, 0.0400250527030725, 2.0048366748059437e-05, 0.10943044818603244, 0.00019520753212148026, 67.95630949367396, 2812.79422283252, 0.0013538178607284072, 0.013629710187762923, 0.0003453271689428029, 1.215918357399647, 0.45020453924624926, 157.87187742935464

0.207479327917099, 0.02957705222070217, 577.0, 1283827.0, 0.0008965300248216068, 0.6590839846434374, 0.00025071067358678115, 0.6328502297401428, 0.0070760780945420265, 393.0, 101961.0, 0.007632920611798981, 0.8921915043834062, 0.0027269836197282306, 167.75435638427734, 55.90993883354323, 5885.794385671616
0.030924128368496895, 0.029572952538728714, 86.0, 1283649.0, 0.00013369441188450048, 0.6604837724336657, 0.0001322404428830318, 0.0805152952671051, 0.007677705492824316, 50.0, 110630.0, 0.0008984645241282647, 0.8584229623095339, 0.0009968935740118047, 167.77174544334412, 57.252389987309776, 5444.732060670853
0.03164329379796982, 0.019955450668931007, 88.0, 866190.0, 0.00020251789579303593, 0.6632691159822363, 0.00016763686306493813, 0.07890499383211136, 0.007721566129475832, 49.0, 111262.0, 0.0008755315727405925, 0.8131349054447432, 0.0007933893172973743, 168.4971945285797, 56.33687727650007, 5016.029419660568
0.15390147268772125, 0.015850000083446503, 428.0, 687988.0, 0.0012384313010617813, 0.4547550074581375, 0.00016861894884940518, 0.4702093303203583, 0.0067042335867881775, 292.0, 96603.0, 0.005988760818737438, 0.8394464707708782, 0.0018824887833859155, 172.31129336357117, 55.29136064052582, 5157.03271818161
0.13124775886535645, 0.029386090114712715, 365.0, 1275538.0, 0.0005708994560032032, 0.5959308164271233, 0.0001554207125657757, 0.3832528293132782, 0.007509272079914808, 238.0, 108203.0, 0.0043644899231629715, 0.8730602454233751, 0.0014388218599645937, 173.45963621139526, 57.78575524687767, 5110.541877269745

Namespace(compressed=True, dataset='LANL', delta=1.0, encoder='GCN', fpweight=0.6, hidden=32, impl='DYNTEDGE', load=False, ngrus=1, nowrite=False, rnn='GRU', te_end=None, tests=5, threads=1, workers=8, zdim=16)

[0]:
, TPR, FPR, TP, FP, F1, AUC, AP, UW_TPR, UW_FPR, UW_TP, UW_FP, UW_F1, UW_AUC, UW_AP, FwdTime, TPE, tr_time
mean, 0.0813796304166317, 0.025493409112095834, 349.2, 1106148.2, 0.0006462856462619594, 0.5076198636386453, 0.0001714715834439958, 0.35585284531116484, 0.007950841449201107, 212.8, 85847.2, 0.004891134885298581, 0.8343238849724216, 0.0016334837224433383, 84.24980840682983, 33.985740277915276, 2844.5511742115023
stderr, 0.013224692733274078, 0.001741845490141654, 56.747158519171684, 75577.93690978868, 0.00011017208118256547, 0.07108855293646628, 3.456110999413852e-05, 0.0613427542185739, 0.00015154471344978778, 36.68296607418762, 1636.2660358266928, 0.0008254707596255896, 0.013820059894760706, 0.00011212406043629167, 0.6985065999340228, 0.32335943990810506, 62.29092206681369

0.07107900083065033, 0.020340945571660995, 305.0, 882585.0, 0.0006875710818874615, 0.3602963881239924, 0.00011358567734672898, 0.2943143844604492, 0.00801713578402996, 176.0, 86563.0, 0.004030365137341562, 0.8034338043867769, 0.0014094631525925748, 83.69543147087097, 33.49611521285513, 2673.821210861206
0.03379165753722191, 0.02939201332628727, 145.0, 1275307.0, 0.00022660799863722641, 0.5833833001618013, 0.0001488941929259193, 0.1421404629945755, 0.007705945987254381, 85.0, 83203.0, 0.0020265598550413657, 0.8370999689019268, 0.0013190204627707817, 82.56641936302185, 34.19675953686237, 2831.349297761917
0.09974364936351776, 0.02248263545334339, 428.0, 975512.0, 0.0008732635470618662, 0.7466281692503312, 0.00030025413918920374, 0.4364548623561859, 0.007922389544546604, 261.0, 85540.0, 0.006041736594173544, 0.8850106858172297, 0.0017899128028131457, 83.31118512153625, 34.107918441295624, 3062.921282529831
0.09904450923204422, 0.02824830636382103, 425.0, 1225682.0, 0.0006908333726160153, 0.3886614340245335, 0.00011357349120265802, 0.43979933857917786, 0.007622683886438608, 263.0, 82304.0, 0.006324776047616184, 0.8189107490017059, 0.0018740629300515422, 85.25005793571472, 33.12060834923569, 2826.418766975403
0.10323933511972427, 0.027003144845366478, 443.0, 1171655.0, 0.0007531522311072274, 0.4591300266325681, 0.000181050416555469, 0.4665551781654358, 0.008486052043735981, 279.0, 91626.0, 0.006032236792320249, 0.8271642167544682, 0.001774959263988647, 86.42594814300537, 35.00729984932757, 2828.2453129291534

Namespace(compressed=True, dataset='LANL', delta=1.5, encoder='GCN', fpweight=0.6, hidden=32, impl='DYNTEDGE', load=False, ngrus=1, nowrite=False, rnn='GRU', te_end=None, tests=5, threads=1, workers=8, zdim=16)

[0]:
, TPR, FPR, TP, FP, F1, AUC, AP, UW_TPR, UW_FPR, UW_TP, UW_FP, UW_F1, UW_AUC, UW_AP, FwdTime, TPE, tr_time
mean, 0.0648515723645687, 0.023009905964136122, 369.2, 998034.8, 0.0008187267948263379, 0.45879962510398203, 0.000165126890482274, 0.3900000035762787, 0.008226711861789226, 226.2, 71977.0, 0.006230352839902052, 0.8534108899630807, 0.0020807650777323952, 56.93164162635803, 28.089437021911493, 2288.671999835968
stderr, 0.00826703156269304, 0.003474914450443825, 47.06421145626472, 150721.41644285325, 0.00018158416466972603, 0.07363122071844798, 2.2723839195336966e-05, 0.04831095330443936, 0.0002219971165737589, 28.020349747995645, 1942.292768868792, 0.0007816938425670193, 0.013256723894858916, 0.00018860148963229062, 0.8402071242848149, 0.3031525735167763, 82.68104646147546

0.05779026821255684, 0.02983141876757145, 329.0, 1293912.0, 0.0005061795444999515, 0.5303862429907338, 0.0001625448544184151, 0.3603448271751404, 0.008605261333286762, 209.0, 75289.0, 0.005494361050500801, 0.8641204879456751, 0.0018234365072957283, 56.7176718711853, 27.799017336903788, 2303.8772206306458
0.08800280839204788, 0.026180578395724297, 501.0, 1135560.0, 0.0008775971006013555, 0.29156497907111345, 0.0001342718696244311, 0.5258620977401733, 0.008764591068029404, 305.0, 76683.0, 0.007864067656765675, 0.8329747671031537, 0.002363281373526822, 56.25321912765503, 28.180492747504758, 2535.6706862449646
0.044264886528253555, 0.01521717943251133, 252.0, 660032.0, 0.0007567828919016723, 0.2849511623510533, 0.00012009334218825061, 0.2620689570903778, 0.00827014446258545, 152.0, 72357.0, 0.004159312618861936, 0.8199009453802023, 0.0016481251067050047, 55.57373929023743, 29.217935303846996, 2349.4697461128235
0.05392587557435036, 0.02971302904188633, 307.0, 1288777.0, 0.0004742129339646904, 0.5272093625413136, 0.00015819987230940454, 0.32758620381355286, 0.007959486916661263, 190.0, 69639.0, 0.005397037310571092, 0.8535248061692687, 0.001900309618176277, 60.20587110519409, 27.766717051350792, 2028.1202795505524
0.08027402311563492, 0.014107324182987213, 457.0, 611893.0, 0.0014788615031640193, 0.6598863785656964, 0.0002505245138708687, 0.47413793206214905, 0.007534075528383255, 275.0, 65917.0, 0.008236985562810759, 0.8965334432171035, 0.002668672782958145, 55.90770673751831, 27.483022669951122, 2226.222066640854

Namespace(compressed=True, dataset='LANL', delta=2.0, encoder='GCN', fpweight=0.6, hidden=32, impl='DYNTEDGE', load=False, ngrus=1, nowrite=False, rnn='GRU', te_end=None, tests=5, threads=1, workers=8, zdim=16)

[0]:
, TPR, FPR, TP, FP, F1, AUC, AP, UW_TPR, UW_FPR, UW_TP, UW_FP, UW_F1, UW_AUC, UW_AP, FwdTime, TPE, tr_time
mean, 0.06903198808431625, 0.021757069602608682, 494.2, 943368.6, 0.0010599996754300997, 0.5594694775120993, 0.00030079621523751535, 0.4986111134290695, 0.009350137040019035, 287.2, 66489.6, 0.00869578305708184, 0.8591394967741044, 0.0033047984480873384, 44.90024724006653, 22.375078465132166, 1808.058904981613
stderr, 0.010157595383104083, 0.0008266916391411554, 72.71822330062801, 35844.67512002306, 0.00018268865371632586, 0.07174109047709402, 7.585458871892682e-05, 0.08080175218606221, 0.0002713804952600553, 46.541809161226205, 1929.808995729888, 0.0015639994598065324, 0.0170918394272222, 0.0007267110466042282, 1.0226208644547672, 0.2699158898371311, 66.22723109952453

0.07780416309833527, 0.02366059646010399, 557.0, 1025904.0, 0.0010777655231129428, 0.4991378120146295, 0.00022839488060597457, 0.5590277910232544, 0.008949832059442997, 322.0, 63643.0, 0.009978153421855875, 0.8549106908481215, 0.003281010497170467, 43.74898171424866, 21.913522546490032, 1752.531899690628
0.0704008936882019, 0.02099744789302349, 504.0, 910432.0, 0.0010979255959350613, 0.6326475342937868, 0.0003174576488819525, 0.5190972089767456, 0.009597553871572018, 299.0, 68249.0, 0.008651119726867659, 0.8836527093761404, 0.002883490728391783, 47.9438591003418, 22.52221794658237, 1681.5557627677917
0.031568653881549835, 0.023043634369969368, 226.0, 999153.0, 0.0004490640194408954, 0.3651350797781497, 0.00015185241393547526, 0.1979166716337204, 0.010186774656176567, 114.0, 72439.0, 0.003117778172817897, 0.7974105780449413, 0.0016164986357079074, 45.65752100944519, 23.36755945781867, 1835.86807513237
0.09289006888866425, 0.018983133137226105, 665.0, 823093.0, 0.0016006412192794228, 0.7911140432192411, 0.000585383575283044, 0.6857638955116272, 0.008609659038484097, 395.0, 61224.0, 0.012701985690168019, 0.8965134180530432, 0.005992925874142994, 41.808748722076416, 21.974794382744648, 1717.8833742141724
0.07249616086483002, 0.02210053615272045, 519.0, 958261.0, 0.0010746020193821764, 0.509312918254689, 0.00022089255748113034, 0.53125, 0.009406865574419498, 306.0, 66893.0, 0.00902987827369974, 0.8632100875482758, 0.0027500665050235406, 45.34212565422058, 22.0972979920251, 2052.4554131031036

