Namespace(compressed=True, dataset='LANL', delta=0.5, encoder='GCN', fpweight=0.6, hidden=32, impl='TEDGE', load=False, ngrus=1, nowrite=False, rnn='GRU', te_end=None, tests=5, threads=1, workers=8, zdim=16)

[0]:
, TPR, FPR, TP, FP, F1, AUC, AP, UW_TPR, UW_FPR, UW_TP, UW_FP, UW_F1, UW_AUC, UW_AP, FwdTime, TPE, tr_time
mean, 0.15095152109861373, 0.026394032686948777, 420.4, 1146055.8, 0.0007655973290467868, 0.5882062196146662, 0.000171484714025208, 0.35743999779224395, 0.00809472631663084, 223.4, 116678.6, 0.003816448529441219, 0.8839750410256588, 0.001541491827694552, 478.1284041404724, 48.70548147951625, 6368.93922252655
stderr, 0.032393401992897086, 0.002373692047865774, 90.21563057475129, 103068.1334474434, 0.00019213750069858342, 0.040556414984226484, 1.4216873511613959e-05, 0.09902383912283348, 0.00010278701184355545, 61.889902245842976, 1481.5871422228258, 0.0010675074044221137, 0.004228779496304394, 0.00018858863241698345, 1.1934215754926787, 0.38798939607087535, 132.33862367135734

0.12998203933238983, 0.030191805213689804, 362.0, 1310959.0, 0.0005509449009440639, 0.5871354083348848, 0.0001716211215103116, 0.2784000039100647, 0.008014971390366554, 174.0, 115529.0, 0.002991541159480091, 0.890185997342889, 0.0014222883236978112, 477.06340861320496, 49.0298134525617, 6510.274111032486
0.11131059378385544, 0.01865299418568611, 310.0, 809932.0, 0.0007625823004648061, 0.711024373803354, 0.00020697176761352946, 0.24639999866485596, 0.00781808141618967, 154.0, 112691.0, 0.0027143738433066007, 0.8935336242234194, 0.0013712251062001316, 474.80518078804016, 50.06659883260727, 6615.856251239777
0.0850987434387207, 0.02856738492846489, 237.0, 1240425.0, 0.0003811983944631335, 0.49057988661911994, 0.00012380079964006356, 0.1632000058889389, 0.008413190953433514, 102.0, 121269.0, 0.0016721859733106004, 0.8760598227158728, 0.0012170945939415458, 479.3850266933441, 48.405166805836195, 6104.031414031982
0.2718132734298706, 0.02327575534582138, 757.0, 1010657.0, 0.0014928036805400124, 0.5129428751704872, 0.00019228919720026952, 0.7311999797821045, 0.007999083958566189, 457.0, 115300.0, 0.007853448127717344, 0.8882397412542535, 0.002281128122422596, 481.910564661026, 47.97170829388403, 6616.737380743027
0.15655295550823212, 0.031282223761081696, 436.0, 1358306.0, 0.0006404573688219183, 0.6393485541454851, 0.00016274068416186592, 0.36800000071525574, 0.008228303864598274, 230.0, 118604.0, 0.0038506935433914565, 0.8718560195918594, 0.0014157229922106757, 477.4778399467468, 48.054120012692046, 5997.79695558548

Namespace(compressed=True, dataset='LANL', delta=1.0, encoder='GCN', fpweight=0.6, hidden=32, impl='TEDGE', load=False, ngrus=1, nowrite=False, rnn='GRU', te_end=None, tests=5, threads=1, workers=8, zdim=16)

[0]:
, TPR, FPR, TP, FP, F1, AUC, AP, UW_TPR, UW_FPR, UW_TP, UW_FP, UW_F1, UW_AUC, UW_AP, FwdTime, TPE, tr_time
mean, 0.1251975804567337, 0.032352298870682715, 538.6, 1404720.8, 0.0007656602811508468, 0.5782569594379207, 0.00022428565133938665, 0.4572847783565521, 0.009234229102730751, 276.2, 99769.4, 0.00549775292593692, 0.8964221183769059, 0.001895318763613811, 244.59891352653503, 30.227071775181333, 3318.6703794002533
stderr, 0.014178041063850181, 0.0013006568880512836, 60.993934124632425, 56473.88106053983, 8.410320361399168e-05, 0.0814394296777213, 5.239680494615145e-05, 0.06856664290136524, 0.00010397873783654607, 41.41424875571209, 1123.4172243650173, 0.0008252572395777053, 0.011161306799071043, 0.0001230189938882184, 2.308065442768265, 0.24330454639254054, 133.13050821451955

0.1380753070116043, 0.03205423429608345, 594.0, 1391779.0, 0.000850591583582437, 0.453113206562603, 0.00015489685629007066, 0.5149006843566895, 0.009020202793180943, 311.0, 97457.0, 0.006322937421217419, 0.8733947467658274, 0.0019140060100900434, 241.5025019645691, 30.3803510427475, 3011.740292787552
0.08647140860557556, 0.03128789737820625, 372.0, 1358505.0, 0.0005457830556368606, 0.37382640919106597, 0.00012808537128897976, 0.26986753940582275, 0.009576648473739624, 163.0, 103469.0, 0.0031275183238036767, 0.8756464325491313, 0.0015591280297688455, 244.4806728363037, 30.17868826850768, 3728.945780515671
0.09879125654697418, 0.03339162841439247, 425.0, 1449848.0, 0.0005843631301239194, 0.5417760842170091, 0.00015966692568751542, 0.33112582564353943, 0.009034549817442894, 200.0, 97612.0, 0.004064379775646236, 0.8953666659143295, 0.001687899921583866, 242.22106504440308, 30.08113030953841, 3297.1155285835266
0.13923756778240204, 0.02854650281369686, 599.0, 1239475.0, 0.0009627315216622628, 0.8198753086059107, 0.00041068404358802585, 0.5264900922775269, 0.00919652171432972, 318.0, 99362.0, 0.006341988751944477, 0.9350122750527969, 0.0020925659249795094, 241.24498581886292, 31.001240851586324, 3487.695620536804
0.16341236233711243, 0.036481231451034546, 703.0, 1583997.0, 0.0008848321147487543, 0.7026937886130143, 0.0002680950598423417, 0.6440397500991821, 0.009343222714960575, 389.0, 100947.0, 0.007631940357072788, 0.9026904716024442, 0.0022229939316467905, 253.54534196853638, 29.493948403526755, 3067.854674577713

Namespace(compressed=True, dataset='LANL', delta=2.0, encoder='GCN', fpweight=0.6, hidden=32, impl='TEDGE', load=False, ngrus=1, nowrite=False, rnn='GRU', te_end=None, tests=5, threads=1, workers=8, zdim=16)

[0]:
, TPR, FPR, TP, FP, F1, AUC, AP, UW_TPR, UW_FPR, UW_TP, UW_FP, UW_F1, UW_AUC, UW_AP, FwdTime, TPE, tr_time
mean, 0.08493531942367553, 0.027712620235979556, 610.6, 1203188.2, 0.0011747974470120788, 0.6105731177594169, 0.0004184831711424939, 0.45, 0.010253839753568172, 264.6, 73009.8, 0.00740240042798578, 0.8938537112006696, 0.00255387121852539, 133.03081879615783, 21.722282134046218, 2132.090914583206
stderr, 0.005209825217486465, 0.004089086747179633, 37.45343775943671, 177534.3174609912, 0.00028488991464575576, 0.08938988857847141, 0.00011047226139492848, 0.055112540795736034, 0.000573317276354727, 32.40617225159429, 4082.1557344128846, 0.0012149433545690096, 0.004650298694819788, 0.0002675552433365271, 3.9127247253950035, 0.37470358885083616, 101.06303973085427

0.07038531452417374, 0.03625982627272606, 506.0, 1574279.0, 0.0006397071001166897, 0.4533211319120965, 0.00021744975970403735, 0.2789115607738495, 0.01134470198303461, 164.0, 80777.0, 0.004023108341817022, 0.8918760851264206, 0.002054191362317522, 122.47043371200562, 20.427807744060242, 2143.27956700325
0.10015301406383514, 0.02313370071351528, 720.0, 1004387.0, 0.001422508831408995, 0.585330177775716, 0.0003377857752020466, 0.5442177057266235, 0.008247614838182926, 320.0, 58725.0, 0.01073231264568276, 0.8945100294142802, 0.003533448422142285, 132.09034299850464, 21.97256200728209, 1859.1041069030762
0.09264153242111206, 0.013874872587621212, 666.0, 602400.0, 0.0021826941196712852, 0.8251479887045864, 0.0007307202886120614, 0.4574829936027527, 0.009988286532461643, 269.0, 71119.0, 0.007474713793486718, 0.9015392449365959, 0.002417891900325321, 146.3927505016327, 21.420473964846863, 1978.6732892990112
0.08234803378582001, 0.03296749293804169, 592.0, 1431337.0, 0.0008227261419841877, 0.8041622389000981, 0.0006259389893387636, 0.38435372710227966, 0.011387959122657776, 226.0, 81085.0, 0.005518992905896287, 0.9038785033931439, 0.002112807644496595, 129.5013358592987, 22.586073731476407, 2239.977350473404
0.07914870232343674, 0.032327208667993546, 569.0, 1403538.0, 0.0008063510418792373, 0.3849040515045873, 0.00018052104285556068, 0.5850340127944946, 0.010300636291503906, 344.0, 73343.0, 0.009262874453046112, 0.8774646931329075, 0.0026510167633452277, 134.69923090934753, 22.204493222565485, 2439.4202592372894

Namespace(compressed=True, dataset='LANL', delta=3.0, encoder='GCN', fpweight=0.6, hidden=32, impl='TEDGE', load=False, ngrus=1, nowrite=False, rnn='GRU', te_end=None, tests=5, threads=1, workers=8, zdim=16)

[0]:
, TPR, FPR, TP, FP, F1, AUC, AP, UW_TPR, UW_FPR, UW_TP, UW_FP, UW_F1, UW_AUC, UW_AP, FwdTime, TPE, tr_time
mean, 0.07447301894426346, 0.02595316544175148, 706.6, 1126739.0, 0.001302600952759709, 0.46622713128845705, 0.0003165846660254313, 0.45884412825107573, 0.012978452816605568, 262.0, 66970.4, 0.007791580949727944, 0.8902511358168643, 0.002673728312885845, 93.29794754981995, 16.248139918488484, 1707.976792383194
stderr, 0.009414762746392302, 0.003341543069515616, 89.32726347538024, 145070.803668071, 0.00022795149502730314, 0.08012522895554468, 6.912367040414447e-05, 0.09946627857430324, 0.0003131568557604408, 56.79524627994846, 1615.9270899393944, 0.0017025753202118612, 0.007257356164063668, 0.00022797324924938385, 4.409865541306076, 0.41628412513755997, 53.504478164724475

0.07715008407831192, 0.021551622077822685, 732.0, 935649.0, 0.001547783043952175, 0.3875419150641235, 0.00022846256228592544, 0.567425549030304, 0.012031692080199718, 324.0, 62085.0, 0.010288980628771037, 0.9021472636124989, 0.0030657442100755225, 92.39505982398987, 15.68779551571813, 1666.9425876140594
0.08073356002569199, 0.03363323584198952, 766.0, 1460164.0, 0.0010418806080991936, 0.573422962262275, 0.00029433889826135993, 0.5113835334777832, 0.012428387999534607, 292.0, 64132.0, 0.008985306562043235, 0.8958283046907501, 0.0027896427727751158, 88.1848816871643, 15.974112092471513, 1796.7473957538605
0.09064081311225891, 0.018930481746792793, 860.0, 821854.0, 0.0020668058956839802, 0.7262232111283581, 0.0005851893216109045, 0.6112083792686462, 0.01342739537358284, 349.0, 69287.0, 0.00994202857264945, 0.8981545273691315, 0.002938779788455724, 110.43570733070374, 17.683187741153645, 1739.3026316165924
0.037942662835121155, 0.02116815373301506, 360.0, 919001.0, 0.0007751529042933782, 0.34938472094937517, 0.00020118021652816982, 0.06654991209506989, 0.01342545822262764, 38.0, 69277.0, 0.0010874853332570183, 0.86180985626393, 0.00178557980402383, 89.53002190589905, 16.59471962780788, 1816.066523551941
0.08589797466993332, 0.034482333809137344, 815.0, 1497027.0, 0.001081382311769818, 0.29456284703815333, 0.0002737523314407968, 0.5376532673835754, 0.013579330407083035, 307.0, 70071.0, 0.008654103651918984, 0.8933157271480116, 0.0027888949890990345, 85.94406700134277, 15.300884615291249, 1520.8248233795166

Namespace(compressed=True, dataset='LANL', delta=4.0, encoder='GCN', fpweight=0.6, hidden=32, impl='TEDGE', load=False, ngrus=1, nowrite=False, rnn='GRU', te_end=None, tests=5, threads=1, workers=8, zdim=16)

[0]:
, TPR, FPR, TP, FP, F1, AUC, AP, UW_TPR, UW_FPR, UW_TP, UW_FP, UW_F1, UW_AUC, UW_AP, FwdTime, TPE, tr_time
mean, 0.06609963551163674, 0.02865128740668297, 816.0, 1242181.6, 0.0013966315880770065, 0.6093454499517669, 0.0005294925294612157, 0.45293072462081907, 0.014967257902026177, 255.0, 61977.2, 0.008124631989662876, 0.8814875635061858, 0.0028883235747173787, 67.01583571434021, 14.000329312795392, 1427.5425283908844
stderr, 0.007070069345318136, 0.0025300432426449164, 87.28000916590236, 109690.46660608203, 0.000288715394375733, 0.03234152145114393, 6.271827825240342e-05, 0.08900511128939056, 0.00014987368281219542, 50.1098792654702, 620.6044956330883, 0.0015918048728771398, 0.0057320904868511, 0.00023577593279617637, 0.9971646319925008, 0.40548231875743096, 73.57262964211048

0.06423653662204742, 0.03034837171435356, 793.0, 1315759.0, 0.0011934709763059138, 0.652203961152179, 0.000529416764799467, 0.43339255452156067, 0.014622594229876995, 244.0, 60550.0, 0.007953452743778216, 0.8950481117812329, 0.0027956836576414636, 69.1217954158783, 15.596801328659058, 1582.8858473300934
0.08221951872110367, 0.018914788961410522, 1015.0, 820054.0, 0.002435764218023696, 0.6106644684046406, 0.0004956382386781205, 0.6678507924079895, 0.014782223850488663, 376.0, 61211.0, 0.012099758648431215, 0.8931628402113672, 0.0035588958401615496, 69.67695832252502, 13.846312437417373, 1369.9716801643372
0.052409883588552475, 0.033611420542001724, 647.0, 1457229.0, 0.0008801397885079861, 0.6105232855705187, 0.00044248993983140553, 0.2664298415184021, 0.015395141206681728, 150.0, 63749.0, 0.004653904625981198, 0.8777888945668091, 0.00233962417401002, 65.97371530532837, 13.617452286183834, 1621.0520253181458
0.049250707030296326, 0.03089767135679722, 608.0, 1339574.0, 0.0008990578376623904, 0.6816702581443479, 0.0007669386910615535, 0.2522202432155609, 0.014785845763981342, 142.0, 61226.0, 0.004585748655762058, 0.863961324121078, 0.002454148894348019, 64.73716926574707, 13.533494262695312, 1260.1740319728851
0.08238153159618378, 0.029484184458851814, 1017.0, 1278292.0, 0.0015747251198850467, 0.49166527648714814, 0.00041297901293553183, 0.6447601914405823, 0.015250484459102154, 363.0, 63150.0, 0.011330295274361695, 0.8774766468504412, 0.0032932653074258414, 65.56954026222229, 13.407586249021383, 1303.6290571689606

