Namespace(compressed=True, dataset='LANL', delta=0.5, encoder='GCN', fpweight=0.6, hidden=32, impl='DYNTEDGE', load=False, ngrus=1, nowrite=False, rnn='LSTM', te_end=None, tests=5, threads=1, workers=8, zdim=16)

[0]:
, TPR, FPR, TP, FP, F1, AUC, AP, UW_TPR, UW_FPR, UW_TP, UW_FP, UW_F1, UW_AUC, UW_AP, FwdTime, TPE, tr_time
mean, 0.18417835235595703, 0.02179464977234602, 512.2, 946022.6, 0.0012145836968371008, 0.6728304565642711, 0.0002553441127179849, 0.5446054697036743, 0.007321045733988285, 338.2, 105490.8, 0.006361244592062594, 0.8694110467415876, 0.0020742709688915794, 189.11428050994874, 57.212030169736636, 5403.900761890412
stderr, 0.01587199001591528, 0.0031614663523954005, 44.14000453103738, 137227.1916799291, 0.00025543380919035454, 0.048123246106454076, 4.2696100817017894e-05, 0.052302483331996164, 0.0001344959266215845, 32.47983990108325, 1937.986233181237, 0.0006237520159589465, 0.00817274544550804, 0.00026401553050317723, 1.8924028204248773, 0.2382677631918976, 156.09460156712385

0.13448399305343628, 0.03028356470167637, 374.0, 1314494.0, 0.0005676777351176223, 0.7598066270964113, 0.0002274782631462691, 0.3719806671142578, 0.007302599027752876, 231.0, 105225.0, 0.004355326790916033, 0.8520761552969066, 0.0014363433718628587, 182.11700892448425, 56.97607055975466, 5220.4108273983
0.19093851745128632, 0.0283015426248312, 531.0, 1228462.0, 0.0008621711450314749, 0.5187848365570009, 0.00015135816143976226, 0.5764895081520081, 0.007844473235309124, 358.0, 113033.0, 0.006280040697470442, 0.8558787921861911, 0.002100955984920396, 191.18118357658386, 57.314589414596554, 5362.0155992507935
0.17871269583702087, 0.017153799533843994, 497.0, 744581.0, 0.0013291275494444808, 0.7877354671909393, 0.0002801671057056465, 0.5362318754196167, 0.007118828594684601, 333.0, 102577.0, 0.006432855859597608, 0.8983876712541561, 0.0018163846945339136, 190.16266512870789, 57.29745606235836, 4941.260415315628
0.2340884506702423, 0.014342748560011387, 651.0, 622564.0, 0.002079885494476003, 0.6305449446352467, 0.0004051024593854669, 0.6988728046417236, 0.007188922259956598, 434.0, 103587.0, 0.00829494849104566, 0.8680300246456201, 0.0030295188338412887, 193.2638761997223, 56.507736263451754, 5723.7335567474365
0.18266810476779938, 0.01889159344136715, 508.0, 820012.0, 0.0012340565601159236, 0.6672804073417574, 0.0002126145739127798, 0.5394524931907654, 0.007150405552238226, 335.0, 103032.0, 0.006443051121283226, 0.8726825903250647, 0.0019881519592994407, 188.84666872024536, 57.96429854852182, 5772.083410739899

Namespace(compressed=True, dataset='LANL', delta=1.0, encoder='GCN', fpweight=0.6, hidden=32, impl='DYNTEDGE', load=False, ngrus=1, nowrite=False, rnn='LSTM', te_end=None, tests=5, threads=1, workers=8, zdim=16)

[0]:
, TPR, FPR, TP, FP, F1, AUC, AP, UW_TPR, UW_FPR, UW_TP, UW_FP, UW_F1, UW_AUC, UW_AP, FwdTime, TPE, tr_time
mean, 0.09293870888650417, 0.02358957827091217, 398.8, 1023541.8, 0.0007772882713444124, 0.5486559093148107, 0.0001715506113771523, 0.41638795733451844, 0.007874840684235097, 249.0, 85026.6, 0.005777842142549009, 0.857216289736544, 0.0019093895503645326, 94.26133584976196, 34.401351385959586, 2866.9274476051332
stderr, 0.016883271201446927, 0.0013944457569975623, 72.4461179084152, 60504.403956571616, 0.00014254366253649119, 0.05713756344981145, 1.8759730229321216e-05, 0.07342831948825186, 0.00010134298332819419, 43.91013550423182, 1094.225049978294, 0.0010074389133361656, 0.003278010324685843, 0.000217691912174299, 1.609101450349736, 0.42108121675340393, 66.70961144048663

0.1065019816160202, 0.01956329308450222, 457.0, 848843.0, 0.0010707704275232516, 0.44918810106009327, 0.00015795651886304073, 0.4715718924999237, 0.008073076605796814, 282.0, 87167.0, 0.00640566969913796, 0.85811129606064, 0.0020200502070652727, 95.10703372955322, 35.85326898097992, 2802.4943475723267
0.09951060265302658, 0.02264954149723053, 427.0, 982754.0, 0.0008648346484761087, 0.4037428697152907, 0.00012505026838539863, 0.45317724347114563, 0.007847093045711517, 271.0, 84727.0, 0.006332071592130474, 0.8467487935802022, 0.0018746420866981, 89.9767165184021, 33.38911095032325, 3031.5757386684418
0.1113959476351738, 0.027439724653959274, 478.0, 1190598.0, 0.0007997543850549663, 0.5457299084818872, 0.00016113538735847046, 0.5033444762229919, 0.007617034018039703, 301.0, 82243.0, 0.007240624473791825, 0.8575750544510548, 0.002364911495884664, 99.73724436759949, 34.09882505734762, 2670.6323759555817
0.12048473209142685, 0.025929292663931847, 517.0, 1125061.0, 0.0009151503404376967, 0.7159641674686, 0.00023918742209652684, 0.5267558693885803, 0.00813651829957962, 315.0, 87852.0, 0.007097391990086182, 0.8673892301011364, 0.0021847959545230364, 92.6724259853363, 33.93745011441848, 3000.3937718868256
0.026800280436873436, 0.02236603945493698, 115.0, 970453.0, 0.00023593155523003842, 0.6286544998481821, 0.00017442346018232475, 0.12709030508995056, 0.007700481452047825, 76.0, 83144.0, 0.0018134529575986062, 0.8562570744896861, 0.001102548007651589, 93.8132586479187, 34.72810182672866, 2829.5410039424896

Namespace(compressed=True, dataset='LANL', delta=1.5, encoder='GCN', fpweight=0.6, hidden=32, impl='DYNTEDGE', load=False, ngrus=1, nowrite=False, rnn='LSTM', te_end=None, tests=5, threads=1, workers=8, zdim=16)

[0]:
, TPR, FPR, TP, FP, F1, AUC, AP, UW_TPR, UW_FPR, UW_TP, UW_FP, UW_F1, UW_AUC, UW_AP, FwdTime, TPE, tr_time
mean, 0.07539083212614059, 0.02471228428184986, 429.2, 1071874.0, 0.0007897074685522187, 0.3661146366070716, 0.00014069860786823215, 0.4662068963050842, 0.008681108709424734, 270.4, 75952.6, 0.007138825596135214, 0.8351144929497606, 0.0022934998877725426, 64.06483793258667, 28.081135290760763, 2458.242628479004
stderr, 0.010730508783787798, 0.0015778401560235672, 61.08878784196, 68437.44919998114, 9.476493152986361e-05, 0.05693231684046907, 1.3538948717067054e-05, 0.06344640109571215, 0.00030321008532400697, 36.79891302742514, 2652.8397916195386, 0.0011245072789064063, 0.01235291102908115, 0.00029157131490372193, 0.47478658590872036, 0.1269117910186441, 59.054574568856154

0.06464079022407532, 0.028637319803237915, 368.0, 1242119.0, 0.0005896585428383726, 0.29137500815716, 0.00011423964634049305, 0.41896551847457886, 0.009380877017974854, 243.0, 82075.0, 0.00586262636010519, 0.8159075178645863, 0.001832117527543032, 63.255064249038696, 28.38662836016441, 2328.3124947547913
0.07535570114850998, 0.023480236530303955, 429.0, 1018435.0, 0.0008374351060995142, 0.589139314914503, 0.00019305781597344236, 0.4637930989265442, 0.00836432445794344, 269.0, 73181.0, 0.0072673240578143995, 0.8827267119923621, 0.002343379999245454, 65.03135895729065, 28.250447218234722, 2467.452872991562
0.041278764605522156, 0.019406748935580254, 235.0, 841751.0, 0.0005544551652217408, 0.32632290402415154, 0.00013281454938289387, 0.2568965554237366, 0.008844370022416115, 149.0, 77381.0, 0.003815132505441045, 0.8183105102933013, 0.001564230983339671, 64.87878704071045, 27.941942228720738, 2456.747769832611
0.09502898156642914, 0.02682674676179886, 541.0, 1163587.0, 0.000924927830839077, 0.34373467604890295, 0.00013184772999588287, 0.5741379261016846, 0.009140397422015667, 333.0, 79971.0, 0.008234014143711981, 0.8235524189575666, 0.0024750394931300377, 64.52418828010559, 28.162775826454162, 2368.8313484191895
0.10064992308616638, 0.025210369378328323, 573.0, 1093478.0, 0.0010420606977623885, 0.2800012798906406, 0.00013153329764844862, 0.617241382598877, 0.007675574626773596, 358.0, 67155.0, 0.010515030913603453, 0.8350753056409868, 0.003252731435604518, 62.634791135787964, 27.66388282022978, 2669.868656396866

Namespace(compressed=True, dataset='LANL', delta=2.0, encoder='GCN', fpweight=0.6, hidden=32, impl='DYNTEDGE', load=False, ngrus=1, nowrite=False, rnn='LSTM', te_end=None, tests=5, threads=1, workers=8, zdim=16)

[0]:
, TPR, FPR, TP, FP, F1, AUC, AP, UW_TPR, UW_FPR, UW_TP, UW_FP, UW_F1, UW_AUC, UW_AP, FwdTime, TPE, tr_time
mean, 0.05081715360283852, 0.020621236227452756, 363.8, 894119.8, 0.0009402638330137453, 0.7342097179148694, 0.00041779150084746375, 0.35000000298023226, 0.009333964809775353, 201.6, 66374.6, 0.006067030417797874, 0.8733658268651047, 0.0023673477168474916, 48.52796330451965, 22.839877717309577, 1852.1712931632997
stderr, 0.010771952203363511, 0.0025062346662264256, 77.11640551789223, 108668.26876296502, 0.00032010029271173417, 0.019779191621150338, 4.572658801810175e-05, 0.07640388279678756, 0.00014631397888385778, 44.008635516225674, 1040.450988754396, 0.0013877804210664516, 0.006228844555547226, 0.0004381900403280099, 0.5575279646913648, 0.4207072188491246, 40.17632488008033

0.05615309253334999, 0.018910368904471397, 402.0, 819938.0, 0.0009716023826010667, 0.769390214711341, 0.000494066939208653, 0.3663194477558136, 0.009038425981998444, 211.0, 64273.0, 0.006486320319704889, 0.8620422692110408, 0.002229225402607273, 49.4543833732605, 22.7667313059982, 1841.4355409145355
0.08897890895605087, 0.013495459221303463, 637.0, 585152.0, 0.0021485863853154073, 0.7927451582000458, 0.0005487872039045742, 0.6232638955116272, 0.009050801396369934, 359.0, 64361.0, 0.010996079392305808, 0.8922115686498339, 0.004076442861321078, 47.89579749107361, 24.339788299925782, 1847.8197855949402
0.026959072798490524, 0.028748124837875366, 193.0, 1246495.0, 0.0003078525529829397, 0.6916651314076812, 0.00039250822211742516, 0.2152777761220932, 0.009824804030358791, 124.0, 69865.0, 0.003514490186353008, 0.8728711106027889, 0.0017535418459838374, 46.6242356300354, 23.000004717936882, 1960.0862531661987
0.034921079874038696, 0.019299468025565147, 250.0, 836809.0, 0.0005922640834476403, 0.7040981229076851, 0.0003554468718741098, 0.1961805522441864, 0.009466912597417831, 113.0, 67320.0, 0.0033230895910835332, 0.8814203199359915, 0.0017080928488110555, 49.4731981754303, 22.051755400804375, 1895.7419419288635
0.0470736138522625, 0.0226527601480484, 337.0, 982205.0, 0.0006810137607216725, 0.7131499623475943, 0.0002981482671325566, 0.3489583432674408, 0.009288880042731762, 201.0, 66054.0, 0.006015172599542129, 0.8582838659258685, 0.0020694356255142126, 49.19220185279846, 22.041108861882638, 1715.7729442119598

