Namespace(compressed=True, dataset='LANL', delta=0.25, encoder='GCN', fpweight=0.6, hidden=32, impl='STATIC', load=False, ngrus=1, nowrite=False, rnn='GRU', te_end=None, tests=5, threads=1, workers=8, zdim=16)

[0]:
, TPR, FPR, TP, FP, F1, AUC, AP, UW_TPR, UW_FPR, UW_TP, UW_FP, UW_F1, UW_AUC, UW_AP, FwdTime, TPE, tr_time
mean, 0.3578787863254547, 0.02183547206223011, 708.6, 948136.0, 0.0014907247676818904, 0.7983561823763865, 0.003922158707468223, 0.7778120160102844, 0.005516573321074247, 504.8, 106639.4, 0.009372062372344492, 0.9364770862754309, 0.016020183446004716, 329.2933238983154, 30.159263176236834, 604.9916448116303
stderr, 0.0014338451630731682, 0.00017777752328940416, 2.8390139133156778, 7719.426137997565, 7.710673883461888e-06, 0.0016297675457162119, 0.002665195163405401, 0.0008984429118362289, 7.145635936683784e-05, 0.58309518948453, 1381.3040070889535, 0.0001168721937380246, 0.0009109944121089639, 0.008145497102476414, 1.716809813509819, 0.2780715926181326, 13.845084136557539

0.35555556416511536, 0.021817071363329887, 704.0, 947337.0, 0.0014820725015552286, 0.7967559192385526, 0.00035447846734553356, 0.7765793800354004, 0.005619290750473738, 504.0, 108625.0, 0.009182167647433912, 0.9381601017595513, 0.005382394104512377, 333.2524428367615, 30.94958618481954, 636.4305241107941
0.35606059432029724, 0.021747060120105743, 705.0, 944297.0, 0.0014889406556830016, 0.8021138445188577, 0.014108360036714196, 0.7781201601028442, 0.0055988566018640995, 505.0, 108230.0, 0.009233525927009434, 0.9376839880437061, 0.04780069058533133, 332.63107776641846, 29.767983027866908, 570.6983454227448
0.3616161644458771, 0.022288653999567032, 716.0, 967814.0, 0.0014755128746741406, 0.7931106229720616, 0.00030084103217505503, 0.7796609997749329, 0.0056336200796067715, 506.0, 108902.0, 0.00919523519630737, 0.9329986561503981, 0.004163046028424983, 324.97755193710327, 30.563854249318442, 625.5716800689697
0.3550505042076111, 0.021238859742879868, 703.0, 922230.0, 0.0015201429756095976, 0.801342087354545, 0.004420142774789822, 0.7750385403633118, 0.0052526723593473434, 503.0, 101538.0, 0.009796474827149673, 0.9366364102389074, 0.01454887205793667, 329.93163776397705, 29.38184142112732, 572.7979884147644
0.3611111044883728, 0.02208571508526802, 715.0, 959002.0, 0.0014869548308874831, 0.7984584377979159, 0.00042697122631651046, 0.7796609997749329, 0.005478426814079285, 506.0, 105902.0, 0.009452908263822076, 0.9369062751845918, 0.008205914453818217, 325.6739091873169, 30.13305099805196, 619.4596860408783

Namespace(compressed=True, dataset='LANL', delta=0.5, encoder='GCN', fpweight=0.6, hidden=32, impl='STATIC', load=False, ngrus=1, nowrite=False, rnn='GRU', te_end=None, tests=5, threads=1, workers=8, zdim=16)

[0]:
, TPR, FPR, TP, FP, F1, AUC, AP, UW_TPR, UW_FPR, UW_TP, UW_FP, UW_F1, UW_AUC, UW_AP, FwdTime, TPE, tr_time
mean, 0.2517055690288544, 0.020429829135537148, 701.0, 887084.0, 0.001574437583022522, 0.7752101022520824, 0.0003158811015420665, 0.7548800110816956, 0.005009147338569164, 471.8, 72202.6, 0.01288668320055616, 0.9354714661357069, 0.007570486966498331, 163.5428701877594, 15.562746328399296, 311.16568512916564
stderr, 0.0004681662797475644, 0.0001229505070962481, 1.3038404810405297, 5338.637944270055, 7.01410390553994e-06, 0.003098070169092348, 1.1459849840874783e-05, 0.0019855472923030527, 8.547137675803381e-05, 1.2409673645990857, 1231.997873374788, 0.00020201555937746088, 0.0010611114329923726, 0.0013636636853568763, 1.047294599071702, 0.2334200223392077, 6.859148655959277

0.2524237036705017, 0.020642675459384918, 703.0, 896326.0, 0.001562545148219521, 0.7732755511948287, 0.00035748953057437486, 0.758400022983551, 0.004963594954460859, 474.0, 71546.0, 0.013049762543877762, 0.933819166416334, 0.012972458495478179, 161.61440467834473, 15.454606056213379, 301.5768737792969
0.2524237036705017, 0.020764367654919624, 703.0, 901610.0, 0.00155342294425576, 0.7814441680833584, 0.0003093646854087583, 0.7567999958992004, 0.005144389346241951, 473.0, 74152.0, 0.012571428571428574, 0.9370816743824644, 0.005681391209733475, 161.97980260849, 16.077439387639362, 337.13105845451355
0.2517055571079254, 0.020310210064053535, 701.0, 881890.0, 0.0015835080237097008, 0.7753430765599744, 0.0003213012932456968, 0.7552000284194946, 0.005264340899884701, 472.0, 75881.0, 0.01226324404375276, 0.9321086485710223, 0.006863044917858151, 165.25397276878357, 16.05501094886235, 308.3520276546478
0.25206464529037476, 0.020356154069304466, 702.0, 883885.0, 0.0015822000243415387, 0.764641805598818, 0.000294433302391282, 0.7567999958992004, 0.004860640503466129, 473.0, 70062.0, 0.01329398538504778, 0.9373872745323171, 0.006222039415635553, 166.80600786209106, 14.824517567952475, 310.5046753883362
0.24991023540496826, 0.020075738430023193, 696.0, 871709.0, 0.00159051177458609, 0.7813459098234323, 0.00029681669609022033, 0.7472000122070312, 0.004812770988792181, 467.0, 69372.0, 0.01325499545867393, 0.9369605667763969, 0.0061135007937863, 162.06016302108765, 15.40215768132891, 298.2637903690338

Namespace(compressed=True, dataset='LANL', delta=1.0, encoder='GCN', fpweight=0.6, hidden=32, impl='STATIC', load=False, ngrus=1, nowrite=False, rnn='GRU', te_end=None, tests=5, threads=1, workers=8, zdim=16)

[0]:
, TPR, FPR, TP, FP, F1, AUC, AP, UW_TPR, UW_FPR, UW_TP, UW_FP, UW_F1, UW_AUC, UW_AP, FwdTime, TPE, tr_time
mean, 0.16434216797351836, 0.019344454258680345, 707.0, 839926.6, 0.001674263354535277, 0.7648894785247131, 0.00046627321591005835, 0.7420529842376709, 0.004132557567209006, 448.2, 44649.4, 0.01968706155109393, 0.9283223362176528, 0.014655106886162428, 82.15146307945251, 8.077985012304215, 157.54809398651122
stderr, 0.00041581872297972793, 0.00018930380586472875, 1.7888543819998317, 8219.473417439829, 1.9709500412794885e-05, 0.01163401294623472, 8.012971759762781e-05, 0.001767732856780225, 0.00012665482446723512, 1.0677078252031311, 1368.4168443862418, 0.0006089168805235246, 0.0035676321497386887, 0.003974199439699146, 0.74414999549337, 0.05846961603898927, 4.837926632463803

0.16457462310791016, 0.018990498036146164, 708.0, 824558.0, 0.001706912513501003, 0.7559091850976297, 0.00035881041887466953, 0.7433775067329407, 0.0038485596887767315, 449.0, 41581.0, 0.021063001360416573, 0.9331393043853279, 0.013842263578032503, 81.77791905403137, 7.967894571168082, 157.8781657218933
0.16480706632137299, 0.01950397714972496, 709.0, 846853.0, 0.001664584957223219, 0.7482916593310337, 0.0003453860189118101, 0.7433775067329407, 0.00426644878461957, 449.0, 46096.0, 0.019046003096566205, 0.9300001412179695, 0.008478358966594022, 80.1790201663971, 7.980113999048869, 170.26359701156616
0.16457462310791016, 0.01925339736044407, 708.0, 835973.0, 0.001683743904454668, 0.7579575896503375, 0.0004979501096564783, 0.7433775067329407, 0.004062918480485678, 449.0, 43897.0, 0.019977753058954394, 0.9318278796423402, 0.013877723325414672, 81.30378365516663, 8.23774266242981, 161.07117128372192
0.16503950953483582, 0.018978798761963844, 710.0, 824050.0, 0.0017127790201456586, 0.7513588225675282, 0.0007669830423465539, 0.7450330853462219, 0.003931581974029541, 450.0, 42478.0, 0.020674446384269043, 0.9324394628924614, 0.02963600435530693, 82.96509599685669, 8.002109493528094, 158.11378288269043
0.16271501779556274, 0.01999559998512268, 700.0, 868199.0, 0.0016032963773518353, 0.8109301359770362, 0.00036223648976077983, 0.7350993156433105, 0.004553278908133507, 444.0, 49195.0, 0.017674103855263423, 0.9142048929501659, 0.007441184205464013, 84.53149652481079, 8.202064335346222, 140.41375303268433

Namespace(compressed=True, dataset='LANL', delta=2.0, encoder='GCN', fpweight=0.6, hidden=32, impl='STATIC', load=False, ngrus=1, nowrite=False, rnn='GRU', te_end=None, tests=5, threads=1, workers=8, zdim=16)

[0]:
, TPR, FPR, TP, FP, F1, AUC, AP, UW_TPR, UW_FPR, UW_TP, UW_FP, UW_F1, UW_AUC, UW_AP, FwdTime, TPE, tr_time
mean, 0.09959660619497299, 0.01936490423977375, 716.0, 840758.6, 0.0016897772577944559, 0.6919569627676664, 0.0021365112297574646, 0.7363945603370666, 0.004546672478318215, 433.0, 32373.4, 0.026029443594964702, 0.9293533505205167, 0.0321195980078845, 42.72779889106751, 4.479706115041461, 91.48476824760436
stderr, 0.00036538925986590644, 0.00036997407190353924, 2.626785107312739, 16063.0305658677, 3.244399698501785e-05, 0.0086423946132928, 0.0017321283491164427, 0.00289615684633392, 0.0001575380912467241, 1.7029386365926402, 1121.7093028053212, 0.0007216852920280887, 0.0008308175091480025, 0.012585056437755149, 0.7284374890801647, 0.09973566596428128, 2.3791063850162084

0.10001391172409058, 0.018675316125154495, 719.0, 810819.0, 0.0017563852175389353, 0.6719699389144501, 0.009064850322081616, 0.738095223903656, 0.0044169859029352665, 434.0, 31450.0, 0.02673072185267307, 0.9281987721636072, 0.08147255217780987, 41.670833110809326, 4.393560528755188, 85.73146867752075
0.10070941597223282, 0.020038457587361336, 724.0, 870002.0, 0.0016493624098004932, 0.6840207276304533, 0.0004498989080020533, 0.7465986609458923, 0.00515460129827261, 439.0, 36702.0, 0.02327122372710647, 0.9273453928805883, 0.029221421244321793, 44.72630429267883, 4.248384221394857, 89.68029737472534
0.0986228957772255, 0.020464099943637848, 709.0, 888482.0, 0.001581918382828711, 0.7238309536615983, 0.0003818372056488362, 0.7295918464660645, 0.004275277256965637, 429.0, 30441.0, 0.027274461186343694, 0.9314098989229974, 0.016788369638975592, 44.27374982833862, 4.6326530660901755, 90.59864544868469
0.09959660470485687, 0.01890566572546959, 716.0, 820820.0, 0.001727955594437238, 0.6880323270061988, 0.0004024530916790464, 0.7346938848495483, 0.004529622383415699, 432.0, 32252.0, 0.025967780716518393, 0.9285648500029542, 0.015112973785035037, 41.57747220993042, 4.337147665023804, 91.2116346359253
0.0990402027964592, 0.018740981817245483, 712.0, 813670.0, 0.001733264684366902, 0.6919308666256312, 0.00038351662137577313, 0.7329931855201721, 0.00435687555000186, 431.0, 31022.0, 0.02690303049218189, 0.9312478386324363, 0.018002673193280208, 41.39063501358032, 4.786785093943278, 100.20179510116577

Namespace(compressed=True, dataset='LANL', delta=3.0, encoder='GCN', fpweight=0.6, hidden=32, impl='STATIC', load=False, ngrus=1, nowrite=False, rnn='GRU', te_end=None, tests=5, threads=1, workers=8, zdim=16)

[0]:
, TPR, FPR, TP, FP, F1, AUC, AP, UW_TPR, UW_FPR, UW_TP, UW_FP, UW_F1, UW_AUC, UW_AP, FwdTime, TPE, tr_time
mean, 0.07476813048124313, 0.01849951781332493, 709.4, 803144.0, 0.001744523403728966, 0.6754718700469552, 0.00044519526893849816, 0.7187390446662902, 0.004860311467200518, 410.4, 25079.8, 0.03155714678216283, 0.9259062433372964, 0.016462928921341168, 29.833566617965698, 3.377223748252505, 69.68550972938537
stderr, 0.0003923801265840131, 0.0001261395328014034, 3.722902093797256, 5476.268967097945, 6.719133174051689e-06, 0.008735612165427488, 9.371441185948493e-06, 0.0031620828953370064, 0.00012400842199138004, 1.8055470085267786, 639.8984606951325, 0.000634200049534957, 0.0008037431265518176, 0.0006470097576640901, 0.9896207001677793, 0.0786474908743301, 1.979989189016483

0.07440978288650513, 0.018165457993745804, 706.0, 788641.0, 0.0017675740296807226, 0.6780906082548377, 0.00042628061569522003, 0.7162871956825256, 0.004824691917747259, 409.0, 24896.0, 0.03161230483846035, 0.9272905665243062, 0.01639652270933662, 29.591862678527832, 3.3030595098223006, 64.68293738365173
0.07451517879962921, 0.0186326764523983, 707.0, 808925.0, 0.001726242797148159, 0.6430514334672405, 0.00044016262871999807, 0.7180384993553162, 0.0046518282033503056, 410.0, 24004.0, 0.03281969181508906, 0.9240645915001653, 0.01800021471758794, 30.193384170532227, 3.207475439707438, 67.94595623016357
0.07409359514713287, 0.018310893326997757, 703.0, 794955.0, 0.0017462671366435404, 0.6870927534516343, 0.00043725901472733465, 0.711033284664154, 0.004594271071255207, 406.0, 23707.0, 0.03289580294927888, 0.9242285017425269, 0.014095944514822958, 28.74397921562195, 3.667423677444458, 76.76309084892273
0.07630691677331924, 0.018891070038080215, 724.0, 820143.0, 0.00174383245720204, 0.6937263364766126, 0.0004811635525325495, 0.7302977442741394, 0.005291347857564688, 417.0, 27304.0, 0.0294782977520147, 0.928095818735346, 0.016892842713974406, 27.341048002243042, 3.3993927160898845, 69.83945560455322
0.07451517879962921, 0.018497491255402565, 707.0, 803056.0, 0.0017387005979703685, 0.6753982185844508, 0.00044111053301738846, 0.7180384993553162, 0.004939418286085129, 410.0, 25488.0, 0.030979636555971135, 0.9258517381841375, 0.01692911995098392, 33.29755902290344, 3.308767398198446, 69.19610857963562

Namespace(compressed=True, dataset='LANL', delta=4.0, encoder='GCN', fpweight=0.6, hidden=32, impl='STATIC', load=False, ngrus=1, nowrite=False, rnn='GRU', te_end=None, tests=5, threads=1, workers=8, zdim=16)

[0]:
, TPR, FPR, TP, FP, F1, AUC, AP, UW_TPR, UW_FPR, UW_TP, UW_FP, UW_F1, UW_AUC, UW_AP, FwdTime, TPE, tr_time
mean, 0.055990280210971834, 0.018421145528554915, 691.2, 798652.0, 0.0017066939671570459, 0.6964088866525733, 0.0006114173982469634, 0.7051509857177735, 0.005460953433066606, 397.0, 22613.0, 0.034297635086200574, 0.91680512737308, 0.021639502701349088, 23.37616171836853, 2.943069097448737, 56.40655632019043
stderr, 0.001093229829423312, 0.0003047166366235535, 13.495925310996649, 13211.049636573165, 5.6812935903534736e-05, 0.024759935991300542, 6.628789005534614e-05, 0.011822065531484086, 0.00037206561764928684, 6.655824516917494, 1540.6686210863127, 0.0023646023052493036, 0.006600290048858051, 0.004894718468238013, 0.5699948623248604, 0.042203333700027254, 2.864362569163533

0.05678412318229675, 0.018263747915625572, 701.0, 791828.0, 0.0017418875501010096, 0.6590986914200896, 0.0005100802655863737, 0.714031994342804, 0.005310984328389168, 402.0, 21992.0, 0.035021997647776276, 0.9248245895608316, 0.01756623953038069, 23.039453983306885, 2.920808587755476, 58.56276798248291
0.05168084427714348, 0.019558679312467575, 638.0, 847970.0, 0.0014820785803638526, 0.7935908442800372, 0.0007741406663795322, 0.6589698195457458, 0.006901236716657877, 371.0, 28577.0, 0.025143166954694856, 0.8905174269839348, 0.011422269440482014, 22.180280923843384, 2.861918471076272, 45.12333536148071
0.056703120470047, 0.018028689548373222, 700.0, 781637.0, 0.001761710973697655, 0.6877773091883738, 0.0005097256409961276, 0.7122557759284973, 0.005001386161893606, 401.0, 20710.0, 0.03700286057026852, 0.9216061165874753, 0.01810745149588059, 22.805246591567993, 3.0796667678015575, 60.575403451919556
0.057756178081035614, 0.018452560529112816, 713.0, 800014.0, 0.0017538422181553417, 0.6664631356313683, 0.0007729564281358514, 0.7264653444290161, 0.005285868886858225, 409.0, 21888.0, 0.035783027121609794, 0.9224926366780827, 0.04021734420039398, 25.52702045440674, 2.8581681569417317, 59.99472761154175
0.05702713504433632, 0.017802050337195396, 704.0, 771811.0, 0.00179395051346737, 0.6751144527429979, 0.0004901839901369322, 0.714031994342804, 0.004805291071534157, 402.0, 19898.0, 0.0385371231366534, 0.9245848670550756, 0.02088420883960817, 23.32880663871765, 2.994783503668649, 57.77654719352722

