Namespace(compressed=True, dataset='OPTC', delta=0.125, encoder='GCN', fpweight=0.6, hidden=32, impl='STATIC', load=False, ngrus=1, nowrite=False, rnn='LSTM', te_end=None, tests=5, threads=1, workers=8, zdim=16)

[0]:
, TPR, FPR, TP, FP, F1, AUC, AP, UW_TPR, UW_FPR, UW_TP, UW_FP, UW_F1, UW_AUC, UW_AP, FwdTime, TPE, tr_time
mean, 0.12064418196678162, 0.09323390796780587, 1033.8, 502582.6, 0.004179782796243233, 0.7540748460299741, 0.0033385684227299393, 0.13445378541946412, 0.09921300932765006, 16.0, 9908.8, 0.003365568428077772, 0.7174129150628951, 0.0022033292410252926, 0.2786086082458496, 3.5373608735345656, 87.95644192695617
stderr, 0.018618138598624732, 0.015265823816299219, 159.53883539752945, 82291.28125542827, 0.0005729975950958958, 0.027965197222534578, 0.00033121316518033216, 0.018601633700987545, 0.01794790773472943, 2.2135943621178655, 1792.5292019936521, 0.00045636186744614645, 0.028233951120192637, 0.00021201061768061239, 0.008718980151240983, 0.021595594935307192, 1.9717396186793836

0.060100361704826355, 0.05610237643122673, 515.0, 302423.0, 0.0033065067558674444, 0.7787806761349206, 0.003716546706698648, 0.07563025504350662, 0.06191801652312279, 9.0, 6184.0, 0.0028517110266159697, 0.7373716092360407, 0.0024107813923090905, 0.2719426155090332, 3.541663816996983, 85.56963801383972
0.11518263816833496, 0.1472989022731781, 987.0, 794023.0, 0.002456510187548455, 0.6487852696644456, 0.002110300129132525, 0.13445378839969635, 0.1665298342704773, 16.0, 16632.0, 0.001908510765193535, 0.6099967471619282, 0.001406910241118409, 0.3111608028411865, 3.537160560488701, 93.92810559272766
0.11284863948822021, 0.07435911893844604, 967.0, 400837.0, 0.0047127856852180825, 0.8119252341333032, 0.004065983268342487, 0.11764705926179886, 0.07710715383291245, 14.0, 7701.0, 0.0035741639009446006, 0.7743355367258544, 0.002664678518273916, 0.26006269454956055, 3.5117956399917603, 85.00078773498535
0.14249037206172943, 0.09350056201219559, 1221.0, 504020.0, 0.004752729608220938, 0.7524088356079752, 0.0033459175541070314, 0.1596638709306717, 0.09505977481603622, 19.0, 9494.0, 0.0039451827242524915, 0.72042954795311, 0.002248915186350026, 0.2701718807220459, 3.483188646180289, 83.9361879825592
0.17259889841079712, 0.09490858018398285, 1479.0, 511610.0, 0.0056703817443612475, 0.7784742146092256, 0.003454094455369003, 0.18487395346164703, 0.0954502671957016, 22.0, 9533.0, 0.0045482737233822615, 0.7449311342375426, 0.0022853608670750218, 0.2797050476074219, 3.612995704015096, 91.34749031066895

[1]:
, TPR, FPR, TP, FP, F1, AUC, AP, UW_TPR, UW_FPR, UW_TP, UW_FP, UW_F1, UW_AUC, UW_AP, FwdTime, TPE, tr_time
mean, 0.5043529987335205, 0.004777131380978972, 3394.8, 21859.8, 0.3274776797624797, 0.9405319124319111, 0.26614318746137244, 0.6034267902374267, 0.011331057967618107, 387.4, 996.0, 0.4646733099485565, 0.9375743889083814, 0.4262968085501382, 0.2540170192718506, 3.5373608735345656, 87.95644192695617
stderr, 0.06419477983775879, 0.003200149630521316, 432.0950589858671, 14643.648255813849, 0.08389814106095621, 0.017368301710686946, 0.07799660754271698, 0.05105757003337203, 0.006669298719513565, 32.77895666429912, 586.2313536480285, 0.08453158056509023, 0.016884687043168565, 0.05937021114331585, 0.007945136244792985, 0.021595594935307192, 1.9717396186793836

0.38968950510025024, 0.0010430675465613604, 2623.0, 4773.0, 0.3713456501734268, 0.9736923504608936, 0.3321781307146216, 0.5124610662460327, 0.003174061421304941, 329.0, 279.0, 0.5264, 0.9647032524215069, 0.47032170007788665, 0.2236342430114746, 3.541663816996983, 85.56963801383972
0.5857970714569092, 0.0175273809581995, 3943.0, 80204.0, 0.08677567728163031, 0.9135066675860102, 0.11326236348889779, 0.6651090383529663, 0.037781570106744766, 427.0, 3321.0, 0.19453302961275626, 0.9107336289113585, 0.29901691332821223, 0.25583505630493164, 3.537160560488701, 93.92810559272766
0.7149012088775635, 0.0009480048320256174, 4812.0, 4338.0, 0.6060071783892701, 0.9895587327677154, 0.5411754895612637, 0.7725856900215149, 0.0027417519595474005, 496.0, 241.0, 0.7193618564176939, 0.9891464564305942, 0.6363106727954221, 0.2696530818939209, 3.5117956399917603, 85.00078773498535
0.3797355592250824, 0.0018737191567197442, 2556.0, 8574.0, 0.28621017860142206, 0.9011583954001381, 0.1891734095474009, 0.5046728849411011, 0.005346985068172216, 324.0, 470.0, 0.45125348189415043, 0.9006662644112008, 0.3733660404607143, 0.2624843120574951, 3.483188646180289, 83.9361879825592
0.45164164900779724, 0.0024934844113886356, 3040.0, 11410.0, 0.28704971436664933, 0.9247434159447981, 0.15492654399467834, 0.5623052716255188, 0.007610921282321215, 361.0, 669.0, 0.4318181818181818, 0.9226223423672468, 0.3524687160884556, 0.25847840309143066, 3.612995704015096, 91.34749031066895

[2]:
, TPR, FPR, TP, FP, F1, AUC, AP, UW_TPR, UW_FPR, UW_TP, UW_FP, UW_F1, UW_AUC, UW_AP, FwdTime, TPE, tr_time
mean, 0.5543628394603729, 0.047775111719965936, 3615.0, 18157.6, 0.297842385228495, 0.8887626320019167, 0.3819613562872572, 0.5554216861724853, 0.05459475070238114, 276.6, 563.8, 0.42504106142905834, 0.8898187501628476, 0.446152421608781, 0.22017331123352052, 3.5373608735345656, 87.95644192695617
stderr, 0.06607540726249435, 0.016489409793566934, 430.8777088687694, 6267.031056249841, 0.06971239416553242, 0.026484481271498325, 0.08207543920944607, 0.06675793564655408, 0.014368263491721565, 33.245450816615495, 148.38106348183382, 0.05803936902475694, 0.024006479502701853, 0.07085011234258302, 0.006741551096927888, 0.021595594935307192, 1.9717396186793836

0.43704953789711, 0.03375484049320221, 2850.0, 12829.0, 0.25675675675675674, 0.9156967422896012, 0.24993873318645146, 0.4397590458393097, 0.03786191716790199, 219.0, 391.0, 0.3953068592057762, 0.910816890103262, 0.3638815182971638, 0.20856308937072754, 3.541663816996983, 85.56963801383972
0.6265910267829895, 0.10923949629068375, 4086.0, 41518.0, 0.15677697841726618, 0.843618261640616, 0.31263918024141835, 0.6285140514373779, 0.10980923473834991, 313.0, 1134.0, 0.32185089974293063, 0.8562820080554618, 0.37310022033689044, 0.2167835235595703, 3.537160560488701, 93.92810559272766
0.7816286087036133, 0.017649659886956215, 5097.0, 6708.0, 0.5562588671832369, 0.9810395330217074, 0.7027966860519831, 0.7851405739784241, 0.03030889853835106, 391.0, 313.0, 0.6505823627287853, 0.9749350845815723, 0.7286310106450542, 0.24486088752746582, 3.5117956399917603, 85.00078773498535
0.4563717246055603, 0.02486686408519745, 2976.0, 9451.0, 0.3141228625712476, 0.8498406109492667, 0.35698471941957277, 0.4538152515888214, 0.04008908569812775, 226.0, 414.0, 0.39718804920913886, 0.8471255021052545, 0.3969139760810147, 0.2080397605895996, 3.483188646180289, 83.9361879825592
0.47017329931259155, 0.053364697843790054, 3066.0, 20282.0, 0.20529646121396763, 0.8536180121083926, 0.2874474625368603, 0.46987950801849365, 0.05490461736917496, 234.0, 567.0, 0.36027713625866054, 0.8599342659686875, 0.36823538268378153, 0.22261929512023926, 3.612995704015096, 91.34749031066895

[3]:
, TPR, FPR, TP, FP, F1, AUC, AP, UW_TPR, UW_FPR, UW_TP, UW_FP, UW_F1, UW_AUC, UW_AP, FwdTime, TPE, tr_time
mean, 0.3580795705318451, 0.052067340537905696, 7831.2, 538716.2, 0.030005351257103696, 0.8631275977276897, 0.053060211904604505, 0.524816918373108, 0.05752590447664261, 645.0, 11353.6, 0.10697903639922753, 0.8884800451811031, 0.15122813730386025, 0.7681433200836182, 3.5373608735345656, 87.95644192695617
stderr, 0.041792135041008746, 0.009642894278414705, 913.9940043567025, 99770.47943475064, 0.005223014885318828, 0.021385045689852403, 0.021868601697216775, 0.05277888011774458, 0.012420713522809702, 64.86524493131895, 2451.4139919646373, 0.017669540885225484, 0.02002947302777384, 0.026125664903102284, 0.011833271195084346, 0.021595594935307192, 1.9717396186793836

0.26310014724731445, 0.03078404627740383, 5754.0, 318508.0, 0.03324743161568419, 0.8909347869622289, 0.051769554224952816, 0.42473554611206055, 0.03448433056473732, 522.0, 6806.0, 0.12200537571578826, 0.9152814614070072, 0.1594723638538358, 0.811819314956665, 3.541663816996983, 85.56963801383972
0.404115229845047, 0.08746615052223206, 8838.0, 904971.0, 0.01889109406110429, 0.8000318432080602, 0.010625958764214998, 0.5850284695625305, 0.1051148921251297, 719.0, 20746.0, 0.06336476601744954, 0.8461748776089173, 0.08966115710525291, 0.7441017627716064, 3.537160560488701, 93.92810559272766
0.49583905935287476, 0.039858780801296234, 10844.0, 412400.0, 0.04872459639553014, 0.9243852555939216, 0.136145677429639, 0.7021968960762024, 0.041760191321372986, 863.0, 8242.0, 0.16702148248500095, 0.952301208371474, 0.2456924805782567, 0.7674195766448975, 3.5117956399917603, 85.00078773498535
0.2928212285041809, 0.04993346706032753, 6404.0, 516638.0, 0.023504712687553223, 0.8378468723636343, 0.0398823168904307, 0.43205857276916504, 0.05196463316679001, 531.0, 10256.0, 0.08838215712383489, 0.852592620962631, 0.134027777304941, 0.7504537105560303, 3.483188646180289, 83.9361879825592
0.33452218770980835, 0.052294258028268814, 7316.0, 541064.0, 0.02565892152564665, 0.8624392305106028, 0.026877552213785003, 0.48006510734558105, 0.05430547520518303, 590.0, 10718.0, 0.09412140065406398, 0.8760500575554864, 0.12728690767701473, 0.7669222354888916, 3.612995704015096, 91.34749031066895

Namespace(compressed=True, dataset='OPTC', delta=0.25, encoder='GCN', fpweight=0.6, hidden=32, impl='STATIC', load=False, ngrus=1, nowrite=False, rnn='LSTM', te_end=None, tests=5, threads=1, workers=8, zdim=16)

[0]:
, TPR, FPR, TP, FP, F1, AUC, AP, UW_TPR, UW_FPR, UW_TP, UW_FP, UW_F1, UW_AUC, UW_AP, FwdTime, TPE, tr_time
mean, 0.11972519680857659, 0.04074885249137879, 1028.2, 219658.2, 0.009950674981658567, 0.7980275195444343, 0.005027533016999605, 0.1236842092126608, 0.04863526336848736, 9.4, 4360.2, 0.004325624451380042, 0.7672259064242686, 0.002182969158680161, 0.1580277919769287, 2.019808847506841, 60.3782356262207
stderr, 0.035251942617224176, 0.009931745449814495, 302.74368696968725, 53537.44286702532, 0.003691696800708239, 0.023778166738586487, 0.000971008876332316, 0.034712909842019114, 0.010162892395636733, 2.638181191654583, 911.11351652799, 0.0013003043762873697, 0.02454774986040136, 0.0003325812205763357, 0.005525100204717081, 0.00994814776327457, 0.7887902856963572

0.22007451951503754, 0.07767834514379501, 1890.0, 418728.0, 0.008806959828147788, 0.7925085458364627, 0.003919634378475036, 0.22368420660495758, 0.08392544090747833, 17.0, 7524.0, 0.00446369961927268, 0.769945986453904, 0.0019163158847968552, 0.16188549995422363, 2.0200307687123615, 59.425936222076416
0.15638099610805511, 0.019581537693738937, 1343.0, 105555.0, 0.023258230434857904, 0.8515265840407008, 0.008196131947601864, 0.14473684132099152, 0.027506664395332336, 11.0, 2466.0, 0.008617312965139052, 0.8215129105907175, 0.003205356145506208, 0.16031527519226074, 1.9960187911987304, 58.79657530784607
0.005705635994672775, 0.02870827168226242, 49.0, 154753.0, 0.000599791908929555, 0.7283451869397533, 0.002891342476811839, 0.01315789483487606, 0.029826773330569267, 1.0, 2674.0, 0.0007270083605961468, 0.6910441894856605, 0.0013695455732410393, 0.173431396484375, 2.0560255497694016, 62.80258774757385
0.11760596185922623, 0.0367610864341259, 1010.0, 198162.0, 0.009722757027339239, 0.8496480785713801, 0.0062948200820426275, 0.14473684132099152, 0.04880034923553467, 11.0, 4375.0, 0.004930524428507397, 0.8162459220521214, 0.0026768432640425126, 0.1550307273864746, 2.0167750199635823, 59.177693128585815
0.09885887056589127, 0.04101502150297165, 849.0, 221093.0, 0.00736563570901835, 0.7681092023338749, 0.003835736200066655, 0.09210526198148727, 0.053117088973522186, 7.0, 4762.0, 0.0028895768833849325, 0.7373805235389396, 0.0017467849258141891, 0.13947606086730957, 2.010194107890129, 61.68838572502136

[1]:
, TPR, FPR, TP, FP, F1, AUC, AP, UW_TPR, UW_FPR, UW_TP, UW_FP, UW_F1, UW_AUC, UW_AP, FwdTime, TPE, tr_time
mean, 0.2869862049818039, 0.001106969127431512, 1934.0, 5065.4, 0.2840275269419462, 0.9223242778425528, 0.18599391811424906, 0.5376237511634827, 0.00400797538459301, 217.2, 315.6, 0.469243194690391, 0.9355562581517539, 0.40738482871433285, 0.14411001205444335, 2.019808847506841, 60.3782356262207
stderr, 0.02086692173152597, 0.00019410213947581862, 140.62218886079108, 888.1955077571604, 0.021214886615637054, 0.010759283301218102, 0.013989927609999444, 0.01238613692097869, 0.0006585860650767526, 5.0039984012787215, 51.859039713438584, 0.02675855445224552, 0.007786063435982599, 0.021479928046342706, 0.005901569032629359, 0.00994814776327457, 0.7887902856963572

0.3251224160194397, 0.0015848185867071152, 2191.0, 7252.0, 0.27079471017179585, 0.9117001898620309, 0.16104161094552757, 0.5470296740531921, 0.005448103416711092, 221.0, 429.0, 0.41935483870967744, 0.9277249758362931, 0.33308111157125964, 0.14110207557678223, 2.0200307687123615, 59.425936222076416
0.2211010605096817, 0.0006022835150361061, 1490.0, 2756.0, 0.271279016841147, 0.9438345051706863, 0.19355715280194039, 0.4975247383117676, 0.002247818745672703, 201.0, 177.0, 0.5140664961636828, 0.952257299501587, 0.39536421137069416, 0.13771915435791016, 1.9960187911987304, 58.79657530784607
0.2782312035560608, 0.001483636675402522, 1875.0, 6789.0, 0.2434590664156333, 0.917391645449814, 0.23582627803485576, 0.5371286869049072, 0.005016318988054991, 217.0, 395.0, 0.4271653543307086, 0.9351357713016264, 0.436486468619785, 0.14113903045654297, 2.0560255497694016, 62.80258774757385
0.3381807506084442, 0.0007484836969524622, 2279.0, 3425.0, 0.36631037531142013, 0.9484819493048573, 0.15916581896682644, 0.5742574334144592, 0.002603406086564064, 232.0, 205.0, 0.5517241379310345, 0.9517807051967404, 0.4127788901799086, 0.13354158401489258, 2.0167750199635823, 59.177693128585815
0.27229559421539307, 0.0011156231630593538, 1835.0, 5105.0, 0.2682944659697346, 0.8902130994253753, 0.1803787298220951, 0.5321782231330872, 0.0047242296859622, 215.0, 372.0, 0.43390514631685173, 0.910882538922523, 0.45921346183001677, 0.16704821586608887, 2.010194107890129, 61.68838572502136

[2]:
, TPR, FPR, TP, FP, F1, AUC, AP, UW_TPR, UW_FPR, UW_TP, UW_FP, UW_F1, UW_AUC, UW_AP, FwdTime, TPE, tr_time
mean, 0.27195177376270296, 0.02739570997655392, 1804.4, 10409.0, 0.20555313797487934, 0.7969553219085563, 0.18965199095853774, 0.2852713167667389, 0.03381112962961197, 73.6, 320.8, 0.2316155939491784, 0.7945126116056839, 0.16797502333395237, 0.14250640869140624, 2.019808847506841, 60.3782356262207
stderr, 0.01766578054942246, 0.007579336927483913, 117.21245667590112, 2879.7689664276886, 0.027149652718787335, 0.021512520549743525, 0.026625210723133074, 0.01869326184136324, 0.006297496565973798, 4.822862220714997, 59.75064853204524, 0.02203623919431844, 0.017359680884999316, 0.016626574868219612, 0.0045483745829091845, 0.00994814776327457, 0.7887902856963572

0.29449886083602905, 0.053712330758571625, 1954.0, 20408.0, 0.1347725626788978, 0.7689975405283267, 0.13090216657292353, 0.3100775182247162, 0.05248735100030899, 80.0, 498.0, 0.19138755980861244, 0.7788585663490072, 0.13640908340227786, 0.14417338371276855, 2.0200307687123615, 59.425936222076416
0.22200451791286469, 0.014241347089409828, 1473.0, 5411.0, 0.2179155262963237, 0.8336337365613391, 0.1998292262585775, 0.24031007289886475, 0.01907672919332981, 62.0, 181.0, 0.2475049900199601, 0.8233243623932964, 0.16782987697016935, 0.15553951263427734, 1.9960187911987304, 58.79657530784607
0.2575734853744507, 0.017483878880739212, 1709.0, 6643.0, 0.22806432241275773, 0.8193390460193222, 0.20245162449794207, 0.26356589794158936, 0.02835160121321678, 68.0, 269.0, 0.2285714285714286, 0.7984422591735623, 0.17302471231940705, 0.1292579174041748, 2.0560255497694016, 62.80258774757385
0.32569706439971924, 0.016288984566926956, 2161.0, 6189.0, 0.28842175508842177, 0.8368290195642091, 0.27760713556757294, 0.3449612259864807, 0.02466273121535778, 89.0, 234.0, 0.306368330464716, 0.834910601069323, 0.22686620812344588, 0.1474611759185791, 2.0167750199635823, 59.177693128585815
0.25998494029045105, 0.035252008587121964, 1725.0, 13394.0, 0.1585915233979958, 0.7259772668695847, 0.13746980189567273, 0.26744186878204346, 0.04447723552584648, 69.0, 422.0, 0.18424566088117492, 0.7370272690432306, 0.13574523585446152, 0.13610005378723145, 2.010194107890129, 61.68838572502136

[3]:
, TPR, FPR, TP, FP, F1, AUC, AP, UW_TPR, UW_FPR, UW_TP, UW_FP, UW_F1, UW_AUC, UW_AP, FwdTime, TPE, tr_time
mean, 0.1963939368724823, 0.022383170761168004, 4313.4, 231586.0, 0.03761437611344793, 0.8544854954089919, 0.041325914918644256, 0.3917378902435303, 0.027680495008826255, 275.0, 4895.6, 0.10204086256982028, 0.8788870075524567, 0.1598910360898442, 0.38905844688415525, 2.019808847506841, 60.3782356262207
stderr, 0.018588503977241738, 0.005557677238818943, 408.25930485415756, 57502.14157750996, 0.005632882945200021, 0.014978447396469084, 0.006837065674172085, 0.014575930670646895, 0.0055251681996645405, 10.232301793829187, 977.1867579946015, 0.01289158335465233, 0.01049166371713621, 0.024576402068051364, 0.006663943814431727, 0.00994814776327457, 0.7887902856963572

0.2504667043685913, 0.043093204498291016, 5501.0, 445861.0, 0.02324407119843659, 0.846658133732776, 0.022856418024087992, 0.42022791504859924, 0.046991705894470215, 295.0, 8311.0, 0.06338633433605499, 0.8693143476702316, 0.08571013791761209, 0.3847236633300781, 2.0200307687123615, 59.425936222076416
0.1705595701932907, 0.010472013615071774, 3746.0, 108348.0, 0.055886675071051876, 0.8851339995666133, 0.041362768042499026, 0.35185185074806213, 0.01565636321902275, 247.0, 2769.0, 0.13286713286713286, 0.9024348051847048, 0.14152635915618006, 0.37592506408691406, 1.9960187911987304, 58.79657530784607
0.15485134720802307, 0.015956126153469086, 3401.0, 165089.0, 0.035714848282778426, 0.8254693863910313, 0.059808424181421405, 0.37749287486076355, 0.018624795600771904, 265.0, 3294.0, 0.1243839474301807, 0.8712188887015446, 0.2019019797335378, 0.41379356384277344, 2.0560255497694016, 62.80258774757385
0.23047852516174316, 0.020002543926239014, 5062.0, 206955.0, 0.043268655440635954, 0.8938138766962884, 0.03007197342214698, 0.43019944429397583, 0.026387954130768776, 302.0, 4667.0, 0.10650678892611533, 0.9029058762663118, 0.14517004174569018, 0.38000941276550293, 2.0167750199635823, 59.177693128585815
0.17561353743076324, 0.022391965612769127, 3857.0, 231677.0, 0.029957630574336785, 0.8213520806582505, 0.052529990923065865, 0.3789173662662506, 0.030741656199097633, 266.0, 5437.0, 0.08306010928961749, 0.8485611199394905, 0.22514666189620092, 0.3908405303955078, 2.010194107890129, 61.68838572502136

Namespace(compressed=True, dataset='OPTC', delta=0.5, encoder='GCN', fpweight=0.6, hidden=32, impl='STATIC', load=False, ngrus=1, nowrite=False, rnn='LSTM', te_end=None, tests=5, threads=1, workers=8, zdim=16)

[0]:
, TPR, FPR, TP, FP, F1, AUC, AP, UW_TPR, UW_FPR, UW_TP, UW_FP, UW_F1, UW_AUC, UW_AP, FwdTime, TPE, tr_time
mean, 0.15353817194700242, 0.03003992363810539, 1319.2, 161931.2, 0.018251454119461726, 0.8301420744646804, 0.014042374331762761, 0.16279070377349852, 0.04181150756776333, 7.0, 3348.6, 0.004413146507439826, 0.8003941013722116, 0.002128920367502272, 0.10453071594238281, 1.400000765522321, 46.9916651725769
stderr, 0.031211936213717435, 0.005257784102273303, 268.1729665719496, 28342.257957685728, 0.005696204524142177, 0.020975502264569356, 0.007934721104793223, 0.031200950628354263, 0.004589911727255859, 1.3416407864998738, 367.5968715862528, 0.0010544416246229533, 0.021624663965148793, 0.00055110282571774, 0.0019653229005075603, 0.014574985857565127, 0.425164589191405

0.13058659434318542, 0.02647790126502514, 1122.0, 142730.0, 0.014720159533992808, 0.8534491839010219, 0.006779027232066762, 0.13953489065170288, 0.03657227009534836, 6.0, 2929.0, 0.004029550033579583, 0.8222426261345078, 0.0018360515152987449, 0.10253310203552246, 1.4446632862091064, 47.56003785133362
0.08019087463617325, 0.0444868803024292, 689.0, 239808.0, 0.005532159188081368, 0.8128462184799772, 0.00471539522201314, 0.09302325546741486, 0.051380980759859085, 4.0, 4115.0, 0.0019221528111484864, 0.7872140064533664, 0.0013741997952350367, 0.10834097862243652, 1.3654930114746093, 45.724900007247925
0.26769086718559265, 0.019836442545056343, 2300.0, 106929.0, 0.03904227599494147, 0.8953092062223602, 0.045703776259795686, 0.27906978130340576, 0.0358855277299881, 12.0, 2874.0, 0.008193922840559918, 0.8674225793487629, 0.004284940436141834, 0.11012411117553711, 1.4091890494028727, 47.06557655334473
0.13070297241210938, 0.019042272120714188, 1123.0, 102648.0, 0.01998878634425923, 0.8188132363346784, 0.00781721735345537, 0.13953489065170288, 0.031078314408659935, 6.0, 2489.0, 0.004728132387706856, 0.7884649559902712, 0.001854150389487505, 0.1009511947631836, 1.4102236747741699, 46.44161057472229
0.15851955115795135, 0.040356121957302094, 1362.0, 217541.0, 0.011973889536033759, 0.770292527385364, 0.005196455591482836, 0.1627907007932663, 0.054140444844961166, 7.0, 4336.0, 0.0031919744642042868, 0.7366263389341492, 0.0012952597013482405, 0.10070419311523438, 1.3704348057508469, 48.16620087623596

[1]:
, TPR, FPR, TP, FP, F1, AUC, AP, UW_TPR, UW_FPR, UW_TP, UW_FP, UW_F1, UW_AUC, UW_AP, FwdTime, TPE, tr_time
mean, 0.27094574868679044, 0.001861312461551279, 1827.8, 8517.2, 0.2468675923727611, 0.8789051698270866, 0.1745750377578029, 0.6277027130126953, 0.004222055291756987, 185.8, 292.2, 0.49305303583924137, 0.933243393592992, 0.46360814030487935, 0.09425711631774902, 1.400000765522321, 46.9916651725769
stderr, 0.01254950309135224, 0.0007630685796344322, 84.65896290411311, 3491.7337727839445, 0.04259028318256315, 0.020792029886262425, 0.02466613709180009, 0.014585836385064959, 0.0009888509344199994, 4.317406628984581, 68.43639382667673, 0.038441431421239014, 0.010663230523165958, 0.04026999702221312, 0.00554429672997626, 0.014574985857565127, 0.425164589191405

0.28891193866729736, 0.004300564527511597, 1949.0, 19679.0, 0.13737929090011985, 0.9102822969500378, 0.14269612266782478, 0.6013513803482056, 0.004638192243874073, 178.0, 321.0, 0.4477987421383648, 0.9491104664513086, 0.3675416898530661, 0.0794684886932373, 1.4446632862091064, 47.56003785133362
0.2958790361881256, 0.0006883874884806573, 1996.0, 3150.0, 0.33568785738311474, 0.9023408022224647, 0.22372569428268096, 0.662162184715271, 0.002832042519003153, 196.0, 196.0, 0.569767441860465, 0.9468975426993286, 0.5603851480828209, 0.0967869758605957, 1.3654930114746093, 45.724900007247925
0.2309516817331314, 0.0005909205647185445, 1558.0, 2704.0, 0.28306686046511625, 0.8561656492736057, 0.12932158277743908, 0.587837815284729, 0.0024419142864644527, 174.0, 169.0, 0.5446009389671361, 0.9211204199951888, 0.4102309007203236, 0.10853433609008789, 1.4091890494028727, 47.06557655334473
0.2868366539478302, 0.0007001884514465928, 1935.0, 3204.0, 0.3256205300799327, 0.9180092115653672, 0.24467717139338543, 0.6554054021835327, 0.0033088659401983023, 194.0, 229.0, 0.5396383866481224, 0.9522712770278081, 0.5592339112182927, 0.08366131782531738, 1.4102236747741699, 46.44161057472229
0.25214943289756775, 0.003026501275599003, 1701.0, 13849.0, 0.15258342303552205, 0.8077278891239571, 0.13245461766768432, 0.6317567825317383, 0.007889261469244957, 187.0, 546.0, 0.3634596695821186, 0.8968172617913255, 0.42064905164989336, 0.10283446311950684, 1.3704348057508469, 48.16620087623596

[2]:
, TPR, FPR, TP, FP, F1, AUC, AP, UW_TPR, UW_FPR, UW_TP, UW_FP, UW_F1, UW_AUC, UW_AP, FwdTime, TPE, tr_time
mean, 0.22809344232082368, 0.03999105095863342, 1513.4, 15194.6, 0.13425259133044398, 0.6927225446016625, 0.11515138473779063, 0.25866666734218596, 0.04690405949950218, 38.8, 413.6, 0.1303891557511947, 0.7065862251455356, 0.08624188643788526, 0.08189535140991211, 1.400000765522321, 46.9916651725769
stderr, 0.011730269841540294, 0.006178204184208653, 77.83032827889139, 2347.408754350209, 0.012866208177959899, 0.01993245144185717, 0.017045875121548412, 0.014514359730085675, 0.003219886264143695, 2.177154105707724, 28.39295687314021, 0.0108804781116388, 0.020935408728863174, 0.012778289239698913, 0.0026840143983614412, 0.014574985857565127, 0.425164589191405

0.25048983097076416, 0.05822344869375229, 1662.0, 22122.0, 0.1092738091324501, 0.7220505629136742, 0.14296278277249044, 0.2866666615009308, 0.05114538595080376, 43.0, 451.0, 0.13354037267080746, 0.7366787631360097, 0.11536278733540806, 0.0881960391998291, 1.4446632862091064, 47.56003785133362
0.24928410351276398, 0.03283853083848953, 1654.0, 12477.0, 0.1592988538957912, 0.7168029529923672, 0.161359092882593, 0.2800000011920929, 0.04139260575175285, 42.0, 365.0, 0.15080789946140036, 0.7343751417555, 0.09979283257411993, 0.07796478271484375, 1.3654930114746093, 45.724900007247925
0.20060285925865173, 0.024858534336090088, 1331.0, 9445.0, 0.15289184997989777, 0.6481656403249029, 0.08410566653590376, 0.2199999988079071, 0.045701973140239716, 33.0, 403.0, 0.11262798634812288, 0.6605292205337567, 0.04514628668037014, 0.07376241683959961, 1.4091890494028727, 47.06557655334473
0.2414468675851822, 0.033572837710380554, 1602.0, 12756.0, 0.15262230267231933, 0.7356336677385763, 0.11619709369163896, 0.2800000011920929, 0.03935132548213005, 42.0, 347.0, 0.15584415584415584, 0.7501557420427912, 0.1019453956848034, 0.08653473854064941, 1.4102236747741699, 46.44161057472229
0.1986435502767563, 0.05046190321445465, 1318.0, 19173.0, 0.09717614097176142, 0.6409598990387919, 0.07113228780632697, 0.2266666740179062, 0.056929007172584534, 34.0, 502.0, 0.0991253644314869, 0.6511922582596205, 0.06896212991472486, 0.08301877975463867, 1.3704348057508469, 48.16620087623596

[3]:
, TPR, FPR, TP, FP, F1, AUC, AP, UW_TPR, UW_FPR, UW_TP, UW_FP, UW_F1, UW_AUC, UW_AP, FwdTime, TPE, tr_time
mean, 0.18174205720424652, 0.015080862678587437, 3993.6, 156033.0, 0.04960953062977794, 0.8266509910419592, 0.044553553974323964, 0.4653421640396118, 0.022923702001571657, 210.8, 3597.6, 0.10298955203380025, 0.869233130604268, 0.19721194166770387, 0.22954325675964354, 1.400000765522321, 46.9916651725769
stderr, 0.0036730765689419018, 0.002872967495176109, 80.71220477722065, 29724.940240478194, 0.008910070273278965, 0.016123147048344118, 0.004070686205977892, 0.01019762481650057, 0.0028682838458104643, 4.619523784980439, 450.1427107040611, 0.010057084856661633, 0.012756663154463659, 0.028680949571443095, 0.0011609461158599492, 0.014574985857565127, 0.425164589191405

0.18412669003009796, 0.01416025497019291, 4046.0, 146508.0, 0.04690253176296022, 0.8528584035544928, 0.04950651123347593, 0.4503311216831207, 0.020989179611206055, 204.0, 3294.0, 0.1032649962034928, 0.8880074742751437, 0.14632976543272017, 0.23015761375427246, 1.4446632862091064, 47.56003785133362
0.17215800285339355, 0.020866340026259422, 3783.0, 215892.0, 0.03130987506672901, 0.834277085713247, 0.04957543727782248, 0.4856512248516083, 0.026736672967672348, 220.0, 4196.0, 0.09036763195728074, 0.8828533881731166, 0.2581425058062115, 0.2303769588470459, 1.3654930114746093, 45.724900007247925
0.18653863668441772, 0.008478774689137936, 4099.0, 87725.0, 0.07203993040299478, 0.8335069541317952, 0.03638984810764882, 0.4348785877227783, 0.017987994477152824, 197.0, 2823.0, 0.113446587964296, 0.8587515627788165, 0.15110679608407268, 0.23030948638916016, 1.4091890494028727, 47.06557655334473
0.1914990395307541, 0.009404892101883888, 4208.0, 97307.0, 0.06815181919037323, 0.8486105754177308, 0.05397688851145366, 0.48785871267318726, 0.01679644174873829, 221.0, 2636.0, 0.13353474320241693, 0.8926765261021654, 0.275963786010229, 0.23181581497192383, 1.4102236747741699, 46.44161057472229
0.17438791692256927, 0.022494051605463028, 3832.0, 232733.0, 0.02964349672583247, 0.7640019363925299, 0.03331908474121896, 0.4679911732673645, 0.03210822120308876, 212.0, 5039.0, 0.07433380084151472, 0.8238767016920983, 0.15451685500528603, 0.22505640983581543, 1.3704348057508469, 48.16620087623596

Namespace(compressed=True, dataset='OPTC', delta=1.0, encoder='GCN', fpweight=0.6, hidden=32, impl='STATIC', load=False, ngrus=1, nowrite=False, rnn='LSTM', te_end=None, tests=5, threads=1, workers=8, zdim=16)

[0]:
, TPR, FPR, TP, FP, F1, AUC, AP, UW_TPR, UW_FPR, UW_TP, UW_FP, UW_F1, UW_AUC, UW_AP, FwdTime, TPE, tr_time
mean, 0.21979300081729888, 0.015693013649433853, 1890.0, 84593.6, 0.06326116647762936, 0.8828283204518387, 0.05308959130032011, 0.2512820601463318, 0.026044261269271375, 9.8, 1808.8, 0.014763986490140445, 0.8524418802557345, 0.006322710795275813, 0.07143816947937012, 1.0187514406442644, 39.728917026519774
stderr, 0.023989784119293336, 0.003824472698240868, 206.28814798722684, 20615.919898466815, 0.0287481483950162, 0.023254486635990293, 0.02737566975157649, 0.024859898757889902, 0.005516042960030316, 0.9695359714832658, 383.0946880341725, 0.005447765700468358, 0.023520719924661725, 0.002432474306034213, 0.0044136161489027985, 0.0036897104308195763, 0.31683576185938606

0.23514361679553986, 0.002305897418409586, 2022.0, 12430.0, 0.17543707431347882, 0.9204117512593922, 0.15846693913128088, 0.28205129504203796, 0.008221623487770557, 11.0, 571.0, 0.03542673107890499, 0.8870175578502313, 0.015418416732578002, 0.05907249450683594, 1.0133297284444174, 39.440144538879395
0.1842074692249298, 0.025439446792006493, 1584.0, 137132.0, 0.021504938397311883, 0.8591285256904746, 0.008591784206663077, 0.20512820780277252, 0.04138169437646866, 8.0, 2874.0, 0.005477576172543649, 0.8234841092539326, 0.002083187806291143, 0.06971406936645508, 1.0176181346178055, 40.829535722732544
0.28096291422843933, 0.014385423623025417, 2416.0, 77545.0, 0.05456187895212285, 0.9301330968970349, 0.04918240910137654, 0.3076923191547394, 0.024132121354341507, 12.0, 1676.0, 0.013896931094383322, 0.9044055779595945, 0.007104846733496493, 0.06604313850402832, 1.029307476679484, 39.95698857307434
0.14722642302513123, 0.019645577296614647, 1266.0, 105900.0, 0.021871895650671616, 0.8035952632486341, 0.013072698187918376, 0.1794871836900711, 0.032843299210071564, 7.0, 2281.0, 0.006016330038676408, 0.7753167793268008, 0.002753169196260152, 0.08389925956726074, 1.0245664914449055, 39.45412731170654
0.2514245808124542, 0.016688723117113113, 2162.0, 89961.0, 0.04293004507456166, 0.9008729651636579, 0.036134125874361676, 0.28205129504203796, 0.023642567917704582, 11.0, 1642.0, 0.013002364066193853, 0.8719853768881141, 0.004253933507753273, 0.07846188545227051, 1.0089353720347087, 38.963788986206055

[1]:
, TPR, FPR, TP, FP, F1, AUC, AP, UW_TPR, UW_FPR, UW_TP, UW_FP, UW_F1, UW_AUC, UW_AP, FwdTime, TPE, tr_time
mean, 0.2007409617304802, 0.0007076189736835659, 1354.6, 3238.0, 0.2361171979710135, 0.8954088284449104, 0.18043139338648906, 0.6857142806053161, 0.003090457944199443, 168.0, 191.8, 0.5634336546017871, 0.9554407080740193, 0.536717342835054, 0.07560253143310547, 1.0187514406442644, 39.728917026519774
stderr, 0.028140012623534227, 0.0001248616506421303, 189.88880957023244, 571.3554935414553, 0.02500114859863165, 0.0391005575398851, 0.019023738561700816, 0.026007395820741602, 0.0006829939804022299, 6.371812928829596, 42.387969991496405, 0.03088310111815251, 0.012924409918609431, 0.023620173129760932, 0.002003661166859992, 0.0036897104308195763, 0.31683576185938606

0.12314759939908981, 0.0005767160328105092, 831.0, 2639.0, 0.16265413975337642, 0.873529539720439, 0.157470668417233, 0.5918367505073547, 0.0023524861317127943, 145.0, 146.0, 0.541044776119403, 0.947940275655878, 0.4673118174222486, 0.07826066017150879, 1.0133297284444174, 39.440144538879395
0.2680794298648834, 0.0006282904651015997, 1809.0, 2875.0, 0.316480055983205, 0.9246092970658047, 0.1968376625140004, 0.7346938848495483, 0.002948664128780365, 180.0, 183.0, 0.5921052631578947, 0.9642128773136015, 0.598714794136246, 0.07464838027954102, 1.0176181346178055, 40.829535722732544
0.16227030754089355, 0.000494765059556812, 1095.0, 2264.0, 0.21668150786583557, 0.9751342953521608, 0.24095968176980623, 0.6734693646430969, 0.0015629532281309366, 165.0, 97.0, 0.650887573964497, 0.9833553543230962, 0.5076192622707152, 0.06841230392456055, 1.029307476679484, 39.95698857307434
0.26126259565353394, 0.001196265104226768, 1763.0, 5474.0, 0.252127279227744, 0.7541588660893885, 0.12774009008494636, 0.7306122183799744, 0.005623409058898687, 179.0, 349.0, 0.463130659767141, 0.9092053765852317, 0.5771559187113247, 0.08001422882080078, 1.0245664914449055, 39.45412731170654
0.18894487619400024, 0.0006420582067221403, 1275.0, 2938.0, 0.23264300702490648, 0.9496121439967592, 0.1791488641464594, 0.6979591846466064, 0.002964777173474431, 171.0, 184.0, 0.57, 0.9724896564922897, 0.532784921634736, 0.07667708396911621, 1.0089353720347087, 38.963788986206055

[2]:
, TPR, FPR, TP, FP, F1, AUC, AP, UW_TPR, UW_FPR, UW_TP, UW_FP, UW_F1, UW_AUC, UW_AP, FwdTime, TPE, tr_time
mean, 0.12479276731610298, 0.033458612859249115, 828.0, 12712.6, 0.08259433798695545, 0.6064049381819863, 0.040017957720236384, 0.1833333343267441, 0.0465885765850544, 17.6, 385.8, 0.07261958977185526, 0.6517047055508595, 0.03447192375166374, 0.05275087356567383, 1.0187514406442644, 39.728917026519774
stderr, 0.02172516387133915, 0.007507341757373282, 144.14645330357592, 2852.4144614694405, 0.010053847061662924, 0.033200230834894505, 0.004153797026839223, 0.02046550172996098, 0.00880662239515607, 1.9646882704388502, 72.9276353654772, 0.006561112505048599, 0.03247911234366837, 0.003191855053090164, 0.0016349596285304814, 0.0036897104308195763, 0.31683576185938606

0.06134137138724327, 0.026921963319182396, 407.0, 10229.0, 0.04713102889236292, 0.5790681064705991, 0.028983852847013, 0.125, 0.03550295904278755, 12.0, 294.0, 0.05970149253731343, 0.6191130298273155, 0.025900630033688896, 0.04982399940490723, 1.0133297284444174, 39.440144538879395
0.17603617906570435, 0.03941834345459938, 1168.0, 14977.0, 0.1025460930640913, 0.6324532349822336, 0.04678793852990114, 0.2395833283662796, 0.04987320303916931, 23.0, 413.0, 0.08646616541353384, 0.6857710169866764, 0.0448956395285199, 0.05910181999206543, 1.0176181346178055, 40.829535722732544
0.09962321072816849, 0.018115540966391563, 661.0, 6883.0, 0.09323647647930038, 0.7047516564320079, 0.04950109287035294, 0.1666666716337204, 0.0333293080329895, 16.0, 276.0, 0.08247422680412371, 0.7443539176025441, 0.03749505342040089, 0.052181243896484375, 1.029307476679484, 39.95698857307434
0.17045968770980835, 0.05994999408721924, 1131.0, 22778.0, 0.07405709795704558, 0.5020320109148538, 0.03132784391581845, 0.21875, 0.0797005221247673, 21.0, 660.0, 0.05405405405405406, 0.5505059272229602, 0.03258778661659775, 0.05103874206542969, 1.0245664914449055, 39.45412731170654
0.11650338768959045, 0.022887222468852997, 773.0, 8696.0, 0.09600099354197714, 0.6137196821102368, 0.0434890604380964, 0.1666666716337204, 0.03453689068555832, 16.0, 286.0, 0.08040201005025126, 0.658779636114801, 0.031480509159111277, 0.05160856246948242, 1.0089353720347087, 38.963788986206055

[3]:
, TPR, FPR, TP, FP, F1, AUC, AP, UW_TPR, UW_FPR, UW_TP, UW_FP, UW_F1, UW_AUC, UW_AP, FwdTime, TPE, tr_time
mean, 0.15616101622581482, 0.005899725761264562, 3433.2, 61041.0, 0.09767588901705533, 0.819324623144456, 0.05309350620195337, 0.5250755250453949, 0.01192182581871748, 173.8, 1547.0, 0.18757848754538725, 0.8749945507953185, 0.27071438955182453, 0.1528027057647705, 1.0187514406442644, 39.728917026519774
stderr, 0.007502379111928412, 0.0017934505182790723, 164.93980720250644, 18555.780320428457, 0.02247471440415475, 0.03059515186705269, 0.006987755223250784, 0.013988928302436004, 0.0025808705025986704, 4.6303347611160905, 334.8989399804066, 0.027977243938161606, 0.016855847746974316, 0.025974906531193765, 0.0006096536913971344, 0.0036897104308195763, 0.31683576185938606

0.15838071703910828, 0.0015061257872730494, 3482.0, 15583.0, 0.16964677222898902, 0.8162946877295645, 0.07105256974183444, 0.47129908204078674, 0.004908987320959568, 156.0, 637.0, 0.2775800711743772, 0.8684771995544155, 0.21962373734551, 0.15241336822509766, 1.0133297284444174, 39.440144538879395
0.16151921451091766, 0.0076102702878415585, 3551.0, 78739.0, 0.06810836729801006, 0.8213465805869292, 0.04090296810803812, 0.5498489141464233, 0.016792280599474907, 182.0, 2179.0, 0.1352154531946508, 0.8802733132947882, 0.3354954305282353, 0.1518232822418213, 1.0176181346178055, 40.829535722732544
0.1738457977771759, 0.0036808892618864775, 3822.0, 38084.0, 0.11964126402779732, 0.8946179941746453, 0.06900561789823999, 0.5287008881568909, 0.009132103063166142, 175.0, 1185.0, 0.20697811945594322, 0.9190520237119215, 0.21293693792752266, 0.15520000457763672, 1.029307476679484, 39.95698857307434
0.12836024165153503, 0.011897649616003036, 2822.0, 123098.0, 0.038159629491903595, 0.7104890190065216, 0.03931916591391897, 0.5438066720962524, 0.01888071931898594, 180.0, 2450.0, 0.121580547112462, 0.8164753962064223, 0.3272326138816724, 0.15244126319885254, 1.0245664914449055, 39.45412731170654
0.15869911015033722, 0.004803693853318691, 3489.0, 49701.0, 0.09282341203857665, 0.8538748342246197, 0.04518720934773526, 0.5317220687866211, 0.009895038791000843, 176.0, 1284.0, 0.19653824678950307, 0.890694821209045, 0.25828322807618226, 0.15213561058044434, 1.0089353720347087, 38.963788986206055

Namespace(compressed=True, dataset='OPTC', delta=1.5, encoder='GCN', fpweight=0.6, hidden=32, impl='STATIC', load=False, ngrus=1, nowrite=False, rnn='LSTM', te_end=None, tests=5, threads=1, workers=8, zdim=16)

[0]:
, TPR, FPR, TP, FP, F1, AUC, AP, UW_TPR, UW_FPR, UW_TP, UW_FP, UW_F1, UW_AUC, UW_AP, FwdTime, TPE, tr_time
mean, 0.3082432270050049, 0.0018315102759515866, 2651.2, 9872.8, 0.3073777346948726, 0.9566445550490499, 0.2776065035435082, 0.3520000040531158, 0.005232958449050784, 8.8, 319.2, 0.07664503587290306, 0.9313673890947245, 0.028053447064356196, 0.056171417236328125, 0.8456563280593782, 34.345574140548706
stderr, 0.06143551485267023, 0.0008819829985050917, 528.4068886757627, 4754.350464574525, 0.09064164898688551, 0.01605826757580822, 0.07251066009722298, 0.05851495699940512, 0.0017548482462854244, 1.4628738838327793, 107.04223465529854, 0.028847032081379727, 0.017190199973134236, 0.010217273078608976, 0.003252025153976731, 0.0046185896536257995, 0.46689293992288383

0.2665969133377075, 0.00017901785031426698, 2293.0, 965.0, 0.3867105152205076, 0.9814503781161931, 0.3240212698203987, 0.36000001430511475, 0.0022459751926362514, 9.0, 137.0, 0.10526315789473682, 0.9480078035345421, 0.027740013913599815, 0.05112624168395996, 0.8456960575921195, 33.47809863090515
0.5285431742668152, 0.00028754162485711277, 4546.0, 1550.0, 0.6186296523099952, 0.9664026640911267, 0.5334759858552104, 0.5600000023841858, 0.0019672776106745005, 14.0, 120.0, 0.17610062893081763, 0.9476409062592216, 0.06673627414906065, 0.060040950775146484, 0.8558146442685809, 33.403257608413696
0.19939541816711426, 0.004816229455173016, 1715.0, 25962.0, 0.0945476597386846, 0.893271358658411, 0.10913496061624095, 0.23999999463558197, 0.011524967849254608, 6.0, 703.0, 0.016348773841961855, 0.8627941899734417, 0.00707379657082887, 0.06722521781921387, 0.8547196835279465, 35.990224838256836
0.3472852110862732, 0.002806962700560689, 2987.0, 15131.0, 0.22358621205883453, 0.9738474657342201, 0.22062016011825772, 0.36000001430511475, 0.006311682518571615, 9.0, 385.0, 0.04295942720763723, 0.9530863306993672, 0.019205754599762644, 0.0514676570892334, 0.8307440916697184, 34.408215045928955
0.19939541816711426, 0.001067799748852849, 1715.0, 5756.0, 0.21341463414634146, 0.9682509086452993, 0.2007801413074333, 0.23999999463558197, 0.004114889074116945, 6.0, 251.0, 0.042553191489361694, 0.9453077150070494, 0.01951139608852899, 0.050997018814086914, 0.8413071632385254, 34.44807457923889

[1]:
, TPR, FPR, TP, FP, F1, AUC, AP, UW_TPR, UW_FPR, UW_TP, UW_FP, UW_F1, UW_AUC, UW_AP, FwdTime, TPE, tr_time
mean, 0.16084766387939453, 0.0005409198347479105, 1085.4, 2475.2, 0.21065390945931814, 0.918719193078623, 0.20412396295860225, 0.7504504680633545, 0.002230009576305747, 166.6, 133.0, 0.640199577899564, 0.972449238695613, 0.6458097660993023, 0.05844969749450683, 0.8456563280593782, 34.345574140548706
stderr, 0.01035199685928704, 2.0836609209583223e-05, 69.85527897016803, 95.34642101306163, 0.013753682897143996, 0.022281971966415366, 0.024823922212642867, 0.008849953417586766, 0.00021880760308550475, 1.9646882704388497, 13.049904214207857, 0.014524161194095993, 0.0057404022597732736, 0.029052547774915588, 0.004331710933178059, 0.0046185896536257995, 0.46689293992288383

0.1388559639453888, 0.0005784642999060452, 937.0, 2647.0, 0.18137824235385214, 0.9221925758678133, 0.1976910787145799, 0.7522522807121277, 0.00280008721165359, 167.0, 167.0, 0.6007194244604316, 0.9715175303403201, 0.6373212753718079, 0.05205082893371582, 0.8456960575921195, 33.47809863090515
0.18687018752098083, 0.0004847124218940735, 1261.0, 2218.0, 0.2466021316123985, 0.9486573601167962, 0.24244256422315966, 0.7162162065505981, 0.0017102329293265939, 159.0, 102.0, 0.6583850931677019, 0.9787217089157031, 0.5532398555987872, 0.056009531021118164, 0.8558146442685809, 33.403257608413696
0.13915234804153442, 0.0005974769010208547, 939.0, 2734.0, 0.18021303137894637, 0.8509148652044741, 0.13872434399364503, 0.7567567825317383, 0.002699485281482339, 168.0, 161.0, 0.6098003629764065, 0.9564448756531384, 0.6879579433597968, 0.05715584754943848, 0.8547196835279465, 35.990224838256836
0.15634262561798096, 0.0005120293935760856, 1055.0, 2343.0, 0.20796372954859058, 0.8921405390335975, 0.1662176533928342, 0.7612612843513489, 0.0020288056693971157, 169.0, 121.0, 0.66015625, 0.9654150260318836, 0.6266434232043879, 0.05178236961364746, 0.8307440916697184, 34.408215045928955
0.18301719427108765, 0.0005319161573424935, 1235.0, 2434.0, 0.23711241240280312, 0.9796906251704344, 0.27554417446879254, 0.7657657861709595, 0.0019114367896690965, 170.0, 114.0, 0.6719367588932805, 0.9901470525370191, 0.7238863329617318, 0.07524991035461426, 0.8413071632385254, 34.44807457923889

[2]:
, TPR, FPR, TP, FP, F1, AUC, AP, UW_TPR, UW_FPR, UW_TP, UW_FP, UW_F1, UW_AUC, UW_AP, FwdTime, TPE, tr_time
mean, 0.07779954895377159, 0.01920621134340763, 516.2, 7297.4, 0.07436610705528043, 0.6494024322599066, 0.038782486903541004, 0.07948718145489693, 0.02898200713098049, 6.2, 240.0, 0.03967304048936702, 0.6535890004613589, 0.01755972860422865, 0.04667439460754395, 0.8456563280593782, 34.345574140548706
stderr, 0.011963976334887308, 0.0025384504581758625, 79.3809800896915, 964.4842455945043, 0.014586464489336546, 0.037722277502393695, 0.007115047124608172, 0.012429948034124711, 0.002357727428620123, 0.9695359714832658, 19.524343778985248, 0.007646913531109434, 0.03338437980434348, 0.0025538647486480002, 0.0011172009731866, 0.0046185896536257995, 0.46689293992288383

0.06420497596263885, 0.02225029654800892, 426.0, 8454.0, 0.05491459877537867, 0.580405255798045, 0.028594140415044697, 0.06410256773233414, 0.031397175043821335, 5.0, 260.0, 0.029154518950437316, 0.5951924238061178, 0.013588431366540914, 0.048688411712646484, 0.8456960575921195, 33.47809863090515
0.11168048530817032, 0.015970522537827492, 741.0, 6068.0, 0.11023504909253197, 0.716871371148764, 0.05195285064927288, 0.11538461595773697, 0.0253592561930418, 9.0, 210.0, 0.06060606060606061, 0.7195541848965349, 0.023259208381808012, 0.046750545501708984, 0.8558146442685809, 33.403257608413696
0.0539562925696373, 0.027553625404834747, 358.0, 10469.0, 0.04100332149811017, 0.5836731557408548, 0.021595319074365724, 0.05128205195069313, 0.037193574011325836, 4.0, 308.0, 0.020512820512820513, 0.5972445418768326, 0.01203000144346093, 0.04486894607543945, 0.8547196835279465, 35.990224838256836
0.05772418901324272, 0.016889063641428947, 383.0, 6417.0, 0.057015258652772606, 0.603770190283039, 0.03286728325127837, 0.06410256773233414, 0.025842290371656418, 5.0, 214.0, 0.03367003367003367, 0.6066869169151502, 0.014749583892586618, 0.04356551170349121, 0.8307440916697184, 34.408215045928955
0.10143180191516876, 0.01336754858493805, 673.0, 5079.0, 0.10866230725760878, 0.7622921883288296, 0.05890284112774337, 0.10256410390138626, 0.025117740035057068, 8.0, 208.0, 0.05442176870748299, 0.7492669348121588, 0.024171417936746778, 0.049498558044433594, 0.8413071632385254, 34.44807457923889

[3]:
, TPR, FPR, TP, FP, F1, AUC, AP, UW_TPR, UW_FPR, UW_TP, UW_FP, UW_F1, UW_AUC, UW_AP, FwdTime, TPE, tr_time
mean, 0.18392906039953233, 0.0010203732526861131, 4044.6, 10557.2, 0.22214234731588095, 0.8732764366391473, 0.1312762531351837, 0.6254545450210571, 0.0039044294971972704, 172.0, 457.4, 0.38340671637475077, 0.9174260688990478, 0.4368445329833312, 0.13186020851135255, 0.8456563280593782, 34.345574140548706
stderr, 0.02847619768341716, 0.00013566368990000622, 626.1915521627548, 1403.6322666567619, 0.034689770125840146, 0.019978035420915346, 0.01997702937111045, 0.004302599375335471, 0.00035538027928374216, 1.1832159566199232, 41.63243927516138, 0.0165978364197093, 0.010334308693457516, 0.03672172750796584, 0.00716229927960276, 0.0046185896536257995, 0.46689293992288383

0.15366075932979584, 0.0010655870428308845, 3379.0, 11025.0, 0.1856899488926746, 0.873829536826525, 0.1354691943729718, 0.6290909051895142, 0.004097346216440201, 173.0, 480.0, 0.3728448275862069, 0.9131362002857278, 0.4115644610030946, 0.13654112815856934, 0.8456960575921195, 33.47809863090515
0.26653024554252625, 0.0007948650745674968, 5861.0, 8224.0, 0.324934164934165, 0.8929859332055176, 0.18173276732552324, 0.610909104347229, 0.003209587885066867, 168.0, 376.0, 0.4102564102564103, 0.927156697880477, 0.33236976701037657, 0.12018680572509766, 0.8558146442685809, 33.403257608413696
0.12314688414335251, 0.0015103789046406746, 2708.0, 15627.0, 0.13430874147551147, 0.8151364411523199, 0.05876882285160502, 0.6218181848526001, 0.005113146733492613, 171.0, 599.0, 0.3272727272727272, 0.8910399887012577, 0.5091188307964692, 0.11815261840820312, 0.8547196835279465, 35.990224838256836
0.23688040673732758, 0.0009819831466302276, 5209.0, 10160.0, 0.2788618539040124, 0.850405686904621, 0.14104559469175315, 0.6363636255264282, 0.003935159649699926, 175.0, 461.0, 0.38419319429198684, 0.9043690436188878, 0.4002393124393222, 0.1269516944885254, 0.8307440916697184, 34.408215045928955
0.13942700624465942, 0.0007490520947612822, 3066.0, 7750.0, 0.18691702737304147, 0.9340245851067531, 0.13936488643406533, 0.6290909051895142, 0.003166907001286745, 173.0, 371.0, 0.42246642246642246, 0.9514284140088884, 0.5309302936673933, 0.1574687957763672, 0.8413071632385254, 34.44807457923889

Namespace(compressed=True, dataset='OPTC', delta=2.0, encoder='GCN', fpweight=0.6, hidden=32, impl='STATIC', load=False, ngrus=1, nowrite=False, rnn='LSTM', te_end=None, tests=5, threads=1, workers=8, zdim=16)

[0]:
, TPR, FPR, TP, FP, F1, AUC, AP, UW_TPR, UW_FPR, UW_TP, UW_FP, UW_F1, UW_AUC, UW_AP, FwdTime, TPE, tr_time
mean, 0.1631517726840684, 0.0017622376020881348, 1401.8, 9499.4, 0.1643921673999822, 0.9178607863311171, 0.14153175078855967, 0.1703703686594963, 0.005572724621742964, 4.6, 335.4, 0.039666524830617306, 0.8802673440728801, 0.010747386082721326, 0.05021834373474121, 0.7139754803975423, 33.64343318939209
stderr, 0.04468774395419099, 0.0004990558274496515, 383.9570809348357, 2690.176938418735, 0.05832685860198348, 0.015282890648329344, 0.07590164895317708, 0.03813196275611223, 0.001103033902805804, 1.0295630140987, 66.38719756097557, 0.02143174624793142, 0.01912409074317298, 0.005587190125422986, 0.0022793434246413486, 0.005741932995584526, 0.25094746876182666

0.19960428774356842, 0.002735165413469076, 1715.0, 14744.0, 0.1369206818091094, 0.9191775487601415, 0.06594374652012587, 0.2222222238779068, 0.006845445837825537, 6.0, 412.0, 0.026966292134831465, 0.8808551514994875, 0.006990733964384524, 0.05270195007324219, 0.7120885213216146, 34.09328532218933
0.1456005573272705, 0.002731084357947111, 1251.0, 14722.0, 0.10185222878078568, 0.9005853797818615, 0.026427051532186975, 0.14814814925193787, 0.007559897843748331, 4.0, 455.0, 0.01646090534979424, 0.8665691910632594, 0.003891244462485199, 0.055277347564697266, 0.7249261538187662, 33.318137407302856
0.2610568106174469, 0.0013655421789735556, 2243.0, 7361.0, 0.24653770059353702, 0.9168987311675413, 0.17781573195436481, 0.18518517911434174, 0.005831921007484198, 5.0, 351.0, 0.026109660574412535, 0.8691088489878905, 0.007842244874102832, 0.043276071548461914, 0.7049644152323405, 33.28635263442993
0.20938082039356232, 5.5653123126830906e-05, 1799.0, 300.0, 0.33654475727247213, 0.9722943934950575, 0.42247738667268636, 0.25925925374031067, 0.0013125976547598839, 7.0, 79.0, 0.12389380530973454, 0.950313903442538, 0.03272817389485213, 0.05336570739746094, 0.6988707383473715, 33.12851858139038
0.00011638733849395066, 0.0019237429369241, 1.0, 10370.0, 0.00010546854400674998, 0.8803478784509841, 0.014994837263434478, 0.03703703731298447, 0.00631376076489687, 1.0, 380.0, 0.004901960784313725, 0.8344896253712257, 0.002284533217781942, 0.04647064208984375, 0.7290275732676188, 34.39087200164795

[1]:
, TPR, FPR, TP, FP, F1, AUC, AP, UW_TPR, UW_FPR, UW_TP, UW_FP, UW_F1, UW_AUC, UW_AP, FwdTime, TPE, tr_time
mean, 0.15546343028545379, 0.0005513665731996298, 1050.0, 2523.0, 0.2027764900075577, 0.9051704036764772, 0.1933801228395387, 0.7550458669662475, 0.002537719043903053, 164.6, 135.4, 0.637767573439332, 0.9692607848245137, 0.6470175838658133, 0.05506820678710937, 0.7139754803975423, 33.64343318939209
stderr, 0.017268884941351696, 3.885317060304294e-05, 116.63404305776251, 177.78835732409476, 0.020254952537903853, 0.021811767403691843, 0.028768329308979126, 0.010112570623541957, 0.0003150505217801982, 2.2045407685048604, 16.809521111560553, 0.01738012604954585, 0.006010618847198869, 0.013573434579189188, 0.004896161026024071, 0.005741932995584526, 0.25094746876182666

0.21764880418777466, 0.0005828357534483075, 1470.0, 2667.0, 0.2699476632081535, 0.912516953969397, 0.2125405712734078, 0.7798165082931519, 0.0025302220601588488, 170.0, 135.0, 0.650095602294455, 0.972182860346012, 0.6955679280796565, 0.05843400955200195, 0.7120885213216146, 34.09328532218933
0.14450696110725403, 0.0005489626782946289, 976.0, 2512.0, 0.19058777582503417, 0.9308414140229223, 0.19130293787765548, 0.7201834917068481, 0.0020054352935403585, 157.0, 107.0, 0.6514522821576764, 0.9757559070755946, 0.655603727231555, 0.07122468948364258, 0.7249261538187662, 33.318137407302856
0.12984897196292877, 0.0006739653181284666, 877.0, 3084.0, 0.16369575361642555, 0.90154900317459, 0.17199280774458134, 0.7614678740501404, 0.0036922500003129244, 166.0, 197.0, 0.5714285714285714, 0.9673248855037963, 0.6282473197528381, 0.04165816307067871, 0.7049644152323405, 33.28635263442993
0.1649392992258072, 0.0004390390240587294, 1114.0, 2009.0, 0.2255745671762681, 0.955113292485967, 0.28417248446347193, 0.7660550475120544, 0.0025302220601588488, 167.0, 135.0, 0.6423076923076924, 0.9834099793747781, 0.6369338780997985, 0.05408310890197754, 0.6988707383473715, 33.12851858139038
0.12037311494350433, 0.0005120300920680165, 813.0, 2343.0, 0.16407669021190718, 0.82583135472951, 0.10689181283857693, 0.747706413269043, 0.0019304658053442836, 163.0, 103.0, 0.6735537190082646, 0.9476302918223874, 0.6187350661652188, 0.049941062927246094, 0.7290275732676188, 34.39087200164795

[2]:
, TPR, FPR, TP, FP, F1, AUC, AP, UW_TPR, UW_FPR, UW_TP, UW_FP, UW_F1, UW_AUC, UW_AP, FwdTime, TPE, tr_time
mean, 0.17362472116947175, 0.037568627297878264, 1152.0, 14274.2, 0.11117465440156356, 0.7199746744926279, 0.06395083377567908, 0.29000000059604647, 0.047010065615177156, 17.4, 397.0, 0.07666346461524993, 0.7898993487270575, 0.05315841787867861, 0.040384769439697266, 0.7139754803975423, 33.64343318939209
stderr, 0.04517768104436529, 0.0057670132812864495, 299.75389905720994, 2191.1767021397427, 0.03357082019345715, 0.04034245091032459, 0.018449976405483678, 0.03749073689901168, 0.005621574972885915, 2.2494443758403984, 47.474203521491546, 0.01374208877543901, 0.03140742793453114, 0.014605176965138775, 0.00094237435969637, 0.005741932995584526, 0.25094746876182666

0.3157498240470886, 0.028972232714295387, 2095.0, 11008.0, 0.21228087952173472, 0.7846915136674173, 0.10604693299008335, 0.38333332538604736, 0.04002368450164795, 23.0, 338.0, 0.10926365795724466, 0.8367278468521808, 0.09473508725198629, 0.039041757583618164, 0.7120885213216146, 34.09328532218933
0.17287114262580872, 0.04008685424923897, 1147.0, 15231.0, 0.0996827879893973, 0.7344050866170171, 0.0410400211809525, 0.2666666805744171, 0.048786263912916183, 16.0, 412.0, 0.06557377049180327, 0.8073929346753503, 0.036300042833172196, 0.037950992584228516, 0.7249261538187662, 33.318137407302856
0.12132629752159119, 0.058283984661102295, 805.0, 22145.0, 0.05441946932567179, 0.6818486036069673, 0.031349438470854606, 0.28333333134651184, 0.06785079836845398, 17.0, 573.0, 0.052307692307692305, 0.7604420761791987, 0.026474049708533964, 0.04118180274963379, 0.7049644152323405, 33.28635263442993
0.212509423494339, 0.02531648986041546, 1410.0, 9619.0, 0.15964673913043478, 0.8131715927005427, 0.11163570304139632, 0.3499999940395355, 0.03576080501079559, 21.0, 302.0, 0.10966057441253264, 0.8612196566015393, 0.0818850253207071, 0.04344940185546875, 0.6988707383473715, 33.12851858139038
0.04566691815853119, 0.03518357500433922, 303.0, 13368.0, 0.02984339604057914, 0.5857565758711956, 0.029682073195108575, 0.1666666716337204, 0.04262877628207207, 10.0, 360.0, 0.046511627906976744, 0.683714229327018, 0.0263978842789935, 0.04029989242553711, 0.7290275732676188, 34.39087200164795

[3]:
, TPR, FPR, TP, FP, F1, AUC, AP, UW_TPR, UW_FPR, UW_TP, UW_FP, UW_F1, UW_AUC, UW_AP, FwdTime, TPE, tr_time
mean, 0.15155234485864638, 0.0013120700721628964, 3334.0, 13575.2, 0.1733765632843666, 0.8690331854562986, 0.10377992510578997, 0.6515384554862976, 0.004774175258353353, 169.4, 505.8, 0.36521126733220727, 0.9289537314353964, 0.43774728344316466, 0.10908141136169433, 0.7139754803975423, 33.64343318939209
stderr, 0.01491964705554305, 0.00021871105855081455, 328.2173060641379, 2262.8717020635527, 0.01988676258288074, 0.020270584308247276, 0.03229561090084934, 0.009925763835676598, 0.00042295575578650763, 2.5806975801127883, 44.81004351705095, 0.01630242937057395, 0.009531466779788656, 0.018559712413841762, 0.003193876798239229, 0.005741932995584526, 0.25094746876182666

0.17918996512889862, 0.0011999343987554312, 3942.0, 12415.0, 0.20554802377724474, 0.8820471225806417, 0.11052767374644498, 0.6730769276618958, 0.00478550186380744, 175.0, 507.0, 0.37154989384288745, 0.93526898935224, 0.5064340018716165, 0.09789133071899414, 0.7120885213216146, 34.09328532218933
0.13250602781772614, 0.0015748474979773164, 2915.0, 16294.0, 0.14147738303242088, 0.8770256868891372, 0.06786562923241146, 0.6192307472229004, 0.004587285686284304, 161.0, 486.0, 0.35501653803748623, 0.9333367821474858, 0.43322365827720244, 0.11197757720947266, 0.7249261538187662, 33.318137407302856
0.1745988428592682, 0.0019546898547559977, 3841.0, 20224.0, 0.16676797499131643, 0.8586972977544378, 0.08011358948912037, 0.6615384817123413, 0.006342913955450058, 172.0, 672.0, 0.3115942028985507, 0.9228320754237502, 0.43768224246056525, 0.10830903053283691, 0.7049644152323405, 33.28635263442993
0.16959862411022186, 0.0006438955315388739, 3731.0, 6662.0, 0.23036552235119784, 0.9262316138329126, 0.22392205327849987, 0.6653845906257629, 0.003841615980491042, 173.0, 407.0, 0.4119047619047619, 0.9559052411084126, 0.41264971906358033, 0.11740374565124512, 0.6988707383473715, 33.12851858139038
0.10186826437711716, 0.0011869830777868629, 2241.0, 12281.0, 0.12272391226965307, 0.8011642062243637, 0.03647067978247316, 0.6384615302085876, 0.004313558805733919, 166.0, 457.0, 0.37599093997734995, 0.8974255691450934, 0.3987467955428589, 0.10982537269592285, 0.7290275732676188, 34.39087200164795

Namespace(compressed=True, dataset='OPTC', delta=2.5, encoder='GCN', fpweight=0.6, hidden=32, impl='STATIC', load=False, ngrus=1, nowrite=False, rnn='LSTM', te_end=None, tests=5, threads=1, workers=8, zdim=16)

[0]:
, TPR, FPR, TP, FP, F1, AUC, AP, UW_TPR, UW_FPR, UW_TP, UW_FP, UW_F1, UW_AUC, UW_AP, FwdTime, TPE, tr_time
mean, 0.3574433416128159, 0.000417001791720395, 3075.8, 2249.6, 0.4429633021402527, 0.9714527627493341, 0.43113051959451304, 0.32727273404598234, 0.0024838590063154696, 7.2, 120.8, 0.1162316107416234, 0.924377820230516, 0.042199005003121834, 0.04693837165832519, 0.652652821625982, 30.69858798980713
stderr, 0.07669230675737494, 0.00020263103899322626, 659.9373000520579, 1093.1338710331868, 0.08858553189817331, 0.010742561207899919, 0.11708863906986657, 0.06331085779917707, 0.0006435662607139642, 1.392838827718412, 31.299201267764, 0.032464181254097314, 0.016806722126073387, 0.01829046720948403, 0.002783384539908087, 0.0048081445042088234, 0.6378996634250425

0.404416024684906, 0.0009320257231593132, 3480.0, 5028.0, 0.4067083503769065, 0.9665960066976741, 0.3866933911519024, 0.3636363744735718, 0.003701114561408758, 8.0, 180.0, 0.07619047619047618, 0.8963332797481748, 0.02876962594136971, 0.05287885665893555, 0.6576082388559977, 31.86781668663025
0.1991865187883377, 0.0008797521586529911, 1714.0, 4746.0, 0.22754729505476268, 0.9402844222212448, 0.1743856453838924, 0.1818181872367859, 0.004338528495281935, 4.0, 211.0, 0.03375527426160338, 0.888313263822167, 0.010781819016156135, 0.053650617599487305, 0.6678438633680344, 32.50210905075073
0.6321905851364136, 2.0761113773914985e-05, 5440.0, 112.0, 0.7685244048880413, 0.9986646324714669, 0.8711753962593513, 0.5454545617103577, 0.0014598839916288853, 12.0, 71.0, 0.22857142857142856, 0.9719248038222419, 0.11392039788143128, 0.039414405822753906, 0.6512539386749268, 29.21364188194275
0.24799534678459167, 3.7629517464665696e-05, 2134.0, 203.0, 0.39005666240175474, 0.9921945614830756, 0.40056717231963695, 0.22727273404598236, 0.0011308960383757949, 5.0, 55.0, 0.1219512195121951, 0.9567866849603907, 0.03179058726366834, 0.0459294319152832, 0.6394483361925397, 29.633212327957153
0.3034282326698303, 0.00021484044555108994, 2611.0, 1159.0, 0.421979797979798, 0.959524190873209, 0.32283099285778255, 0.3181818127632141, 0.0017888719448819757, 7.0, 87.0, 0.12068965517241378, 0.9085310687996052, 0.0257325949129837, 0.042818546295166016, 0.6471097310384114, 30.27616000175476

[1]:
, TPR, FPR, TP, FP, F1, AUC, AP, UW_TPR, UW_FPR, UW_TP, UW_FP, UW_F1, UW_AUC, UW_AP, FwdTime, TPE, tr_time
mean, 0.21448889076709748, 0.0005719521839637309, 1447.8, 2617.2, 0.2647175424679215, 0.939655891481672, 0.30136615389876376, 0.7812206625938416, 0.002529514255002141, 166.4, 129.2, 0.6580114018339801, 0.97942087068948, 0.6808839299204333, 0.05190291404724121, 0.652652821625982, 30.69858798980713
stderr, 0.03553960745448807, 3.462641768213252e-05, 239.89235085762945, 158.4472782978616, 0.03883160777989919, 0.02660362769295559, 0.07014162646121984, 0.00834571741229668, 0.00037915203898795474, 1.7776388834631176, 19.365949499056327, 0.02321726477617888, 0.006415009069413749, 0.011429648591581541, 0.003719362133142636, 0.0048081445042088234, 0.6378996634250425

0.20859259366989136, 0.0006392175564542413, 1408.0, 2925.0, 0.2540828295587837, 0.8551014118722903, 0.14202062331254658, 0.7934272289276123, 0.0031912601552903652, 169.0, 163.0, 0.6201834862385321, 0.9589073424171054, 0.6751057886662106, 0.04341483116149902, 0.6576082388559977, 31.86781668663025
0.14770370721817017, 0.0006175824673846364, 997.0, 2826.0, 0.1885935874397049, 0.9031525448397444, 0.19362431435998537, 0.7746478915214539, 0.002975899027660489, 165.0, 152.0, 0.6226415094339622, 0.9710732236085424, 0.6952355274402156, 0.04983711242675781, 0.6678438633680344, 32.50210905075073
0.33392593264579773, 0.0005017584771849215, 2254.0, 2296.0, 0.3989380530973451, 0.9923069178537841, 0.5045299379654271, 0.7934272289276123, 0.001859936979599297, 169.0, 95.0, 0.7085953878406708, 0.9921495677933004, 0.7050457455874766, 0.06576967239379883, 0.6512539386749268, 29.21364188194275
0.13911111652851105, 0.0004746599879581481, 939.0, 2172.0, 0.1904472163066626, 0.9906108596693589, 0.42840427827264116, 0.751173734664917, 0.0013900581980124116, 160.0, 71.0, 0.7207207207207207, 0.9919821412961982, 0.6895541624760169, 0.051383018493652344, 0.6394483361925397, 29.633212327957153
0.24311110377311707, 0.0006265424308367074, 1641.0, 2867.0, 0.29152602593711135, 0.9571077231731813, 0.23825161558321858, 0.7934272289276123, 0.003230416914448142, 169.0, 165.0, 0.6179159049360147, 0.9829920783322538, 0.6394784254322473, 0.04910993576049805, 0.6471097310384114, 30.27616000175476

[2]:
, TPR, FPR, TP, FP, F1, AUC, AP, UW_TPR, UW_FPR, UW_TP, UW_FP, UW_F1, UW_AUC, UW_AP, FwdTime, TPE, tr_time
mean, 0.10031650438904763, 0.01869982909411192, 665.6, 7105.0, 0.09411542980063381, 0.659435049965425, 0.05806753299782691, 0.07916666753590107, 0.0262140616774559, 3.8, 217.0, 0.029263857800978444, 0.6598355581058227, 0.013423182544265324, 0.03709402084350586, 0.652652821625982, 30.69858798980713
stderr, 0.03293004878906486, 0.0031001902950977666, 218.49086937444318, 1177.917272137564, 0.033813922324365774, 0.06632444213623583, 0.02134433222718985, 0.025853487322840207, 0.002259678106434648, 1.2409673645990857, 18.70561413052242, 0.010408150921867214, 0.06161417932522532, 0.004021703594644456, 0.0008762379476521003, 0.0048081445042088234, 0.6378996634250425

0.07324792444705963, 0.022034477442502975, 486.0, 8372.0, 0.06273801071451623, 0.5183020079685653, 0.031602901778422385, 0.0625, 0.032737378031015396, 3.0, 271.0, 0.018633540372670808, 0.5222703752919385, 0.007717035051413938, 0.033853769302368164, 0.6576082388559977, 31.86781668663025
0.056367747485637665, 0.027245691046118736, 374.0, 10352.0, 0.04308507574448476, 0.5588958720523355, 0.023028434210200732, 0.0416666679084301, 0.030562937259674072, 2.0, 253.0, 0.013201320132013201, 0.5665758134009825, 0.0070884259748244475, 0.0387263298034668, 0.6678438633680344, 32.50210905075073
0.2141672968864441, 0.013030662201344967, 1421.0, 4951.0, 0.21849773199046668, 0.8936538732687331, 0.1404418487610049, 0.1666666716337204, 0.023314809426665306, 8.0, 193.0, 0.0642570281124498, 0.8759336997664493, 0.02888775783982435, 0.036832332611083984, 0.6512539386749268, 29.21364188194275
0.028183873742818832, 0.010272404178977013, 187.0, 3903.0, 0.03487179487179487, 0.702313612240059, 0.03814075333656443, 0.02083333395421505, 0.0217443834990263, 1.0, 180.0, 0.008733624454148471, 0.6945644076669083, 0.010011510960470617, 0.03846240043640137, 0.6394483361925397, 29.633212327957153
0.1296156793832779, 0.020915910601615906, 860.0, 7947.0, 0.11138453568190648, 0.6240098842974322, 0.05712372690294212, 0.1041666641831398, 0.022710800170898438, 5.0, 188.0, 0.04149377593360996, 0.6398334944028348, 0.01341118289479328, 0.037595272064208984, 0.6471097310384114, 30.27616000175476

[3]:
, TPR, FPR, TP, FP, F1, AUC, AP, UW_TPR, UW_FPR, UW_TP, UW_FP, UW_F1, UW_AUC, UW_AP, FwdTime, TPE, tr_time
mean, 0.22953099012374878, 0.0009442901704460382, 5050.6, 9770.0, 0.2718092174654922, 0.9142760297554616, 0.20919072049931536, 0.7040650367736816, 0.0042650683782994745, 173.2, 417.0, 0.41867085756843014, 0.9474661547353934, 0.4714588298558807, 0.09288864135742188, 0.652652821625982, 30.69858798980713
stderr, 0.04531683005013655, 0.00013848906671188766, 997.1515230896455, 1432.8626940499219, 0.049506750417039135, 0.028833025305257217, 0.056789398500389304, 0.010235507926324869, 0.00045609230815151874, 2.517935662402834, 44.5926002830066, 0.020857985654067632, 0.013651745806048098, 0.02346657054168758, 0.003125499237242928, 0.0048081445042088234, 0.6378996634250425

0.2574986219406128, 0.0012593757128342986, 5666.0, 13030.0, 0.27842751842751845, 0.8435177208939864, 0.1435659337794393, 0.7154471278190613, 0.005574250128120184, 176.0, 545.0, 0.3640124095139607, 0.9142418866119294, 0.49703471979075414, 0.10268592834472656, 0.6576082388559977, 31.86781668663025
0.13479366898536682, 0.001254639821127057, 2966.0, 12981.0, 0.15630681668467233, 0.861153521018856, 0.09947415071496349, 0.6910569071769714, 0.004929887130856514, 170.0, 482.0, 0.37861915367483295, 0.9244082717596361, 0.5428437935558266, 0.09765410423278809, 0.6678438633680344, 32.50210905075073
0.3837484121322632, 0.0007087492267601192, 8444.0, 7333.0, 0.44699716788862126, 0.9934171611726145, 0.42497395166137536, 0.727642297744751, 0.0036411616019904613, 179.0, 356.0, 0.4583866837387965, 0.9879640562113244, 0.46672961678540337, 0.08753061294555664, 0.6512539386749268, 29.21364188194275
0.14274677634239197, 0.0005812651943415403, 3141.0, 6014.0, 0.20161109149844347, 0.9643405412488365, 0.20867006057691917, 0.6707317233085632, 0.0029967986047267914, 165.0, 293.0, 0.46875000000000006, 0.9681495660217467, 0.40311739085908593, 0.08996057510375977, 0.6394483361925397, 29.633212327957153
0.22886747121810913, 0.000917420897167176, 5036.0, 9492.0, 0.2757034928282054, 0.9089512044430149, 0.16926950576387942, 0.7154471278190613, 0.004183244425803423, 176.0, 409.0, 0.42358604091456076, 0.9425669930723302, 0.4475686282883333, 0.08661198616027832, 0.6471097310384114, 30.27616000175476

Namespace(compressed=True, dataset='OPTC', delta=3.0, encoder='GCN', fpweight=0.6, hidden=32, impl='STATIC', load=False, ngrus=1, nowrite=False, rnn='LSTM', te_end=None, tests=5, threads=1, workers=8, zdim=16)

[0]:
, TPR, FPR, TP, FP, F1, AUC, AP, UW_TPR, UW_FPR, UW_TP, UW_FP, UW_F1, UW_AUC, UW_AP, FwdTime, TPE, tr_time
mean, 0.2882045298814774, 0.01732608359307051, 2480.0, 93396.6, 0.12485675078671836, 0.8293031129739836, 0.12312247279326186, 0.31666666865348814, 0.02480965880677104, 7.6, 1235.0, 0.02732553705779055, 0.8016923133583773, 0.013262000060787768, 0.04970502853393555, 0.5868794763088226, 32.47380199432373
stderr, 0.04302481810581095, 0.007886826183209376, 370.22857804334876, 42514.09434599307, 0.06637736903181346, 0.047826965661179645, 0.07205827912461815, 0.055277081486642114, 0.009670328031353793, 1.3266499161421597, 481.37926835292774, 0.013060423992476384, 0.045168425373737144, 0.006278146320584405, 0.004932283831651089, 0.007539766510405212, 0.29086013965681834

0.4210342764854431, 0.001309892162680626, 3623.0, 7061.0, 0.3756545181191352, 0.9447126310448822, 0.3920455145274273, 0.4583333432674408, 0.005162819754332304, 11.0, 257.0, 0.07534246575342467, 0.908343210322961, 0.03492019275641473, 0.040220022201538086, 0.5665487925211589, 31.84347438812256
0.3034282326698303, 0.012758323922753334, 2611.0, 68774.0, 0.06528316039504939, 0.879277821723335, 0.06313649930213017, 0.3333333432674408, 0.016954941675066948, 8.0, 844.0, 0.0182648401826484, 0.8469460013258603, 0.009135417495983279, 0.04239487648010254, 0.6093122005462647, 33.0988495349884
0.15642069280147552, 0.04545071721076965, 1346.0, 245003.0, 0.010558767463934672, 0.6648708953286158, 0.003110571067726347, 0.125, 0.05877980589866638, 3.0, 2926.0, 0.002031832035218422, 0.6476609949309281, 0.0007973941715555977, 0.06809473037719727, 0.57437863945961, 32.05690932273865
0.3087739646434784, 0.004975772462785244, 2657.0, 26822.0, 0.13953366243041698, 0.8668608904142704, 0.1478454850039858, 0.375, 0.010446172207593918, 9.0, 520.0, 0.0325497287522604, 0.84549626013647, 0.01891362970381487, 0.05026650428771973, 0.5943215688069662, 32.118725538253784
0.2513654828071594, 0.022135712206363678, 2163.0, 119323.0, 0.03325364552505553, 0.7907933263588148, 0.009474294065039609, 0.2916666567325592, 0.03270455449819565, 7.0, 1628.0, 0.008438818565400845, 0.7600151000756679, 0.0025433661761703604, 0.04754900932312012, 0.5898361802101135, 33.25105118751526

[1]:
, TPR, FPR, TP, FP, F1, AUC, AP, UW_TPR, UW_FPR, UW_TP, UW_FP, UW_F1, UW_AUC, UW_AP, FwdTime, TPE, tr_time
mean, 0.3112426042556763, 0.008769165712874383, 2104.0, 40126.8, 0.16579905352538066, 0.8273312331895977, 0.14233262347924214, 0.8096153736114502, 0.012118276581168175, 168.4, 550.4, 0.4256195381859905, 0.9539088711603243, 0.555644063531107, 0.05722546577453613, 0.5868794763088226, 32.47380199432373
stderr, 0.052402913544961356, 0.005188709498894374, 354.2437014260098, 23743.000708419313, 0.05018796494166028, 0.02212002995386049, 0.04364430671644758, 0.027851438904573252, 0.004718303612934039, 5.793099343184096, 214.30062995707684, 0.06933350060763699, 0.006308873212266521, 0.10838836887740327, 0.0020293907155385094, 0.007539766510405212, 0.29086013965681834

0.15044379234313965, 0.0007017203606665134, 1017.0, 3211.0, 0.1851110302147798, 0.7891346968072, 0.14940170543775758, 0.7019230723381042, 0.004645633045583963, 146.0, 211.0, 0.5168141592920353, 0.9406801647734682, 0.5844073051386633, 0.057442665100097656, 0.5665487925211589, 31.84347438812256
0.4502958655357361, 0.0035394153092056513, 3044.0, 16196.0, 0.23415384615384616, 0.9063836624715684, 0.2295486446673971, 0.8605769276618958, 0.007485853973776102, 179.0, 340.0, 0.49243466299862443, 0.9756050289018319, 0.770845764772556, 0.04944634437561035, 0.6093122005462647, 33.0988495349884
0.3983727693557739, 0.028251728042960167, 2693.0, 129277.0, 0.038823614214661566, 0.7891278005617479, 0.010947979294100177, 0.8413461446762085, 0.029613157734274864, 175.0, 1345.0, 0.20254629629629628, 0.9438413820376765, 0.15787604118144727, 0.05924057960510254, 0.57437863945961, 32.05690932273865
0.27855029702186584, 0.0008122997242026031, 1883.0, 3717.0, 0.3046925566343042, 0.8435354408535127, 0.23990704585873338, 0.8221153616905212, 0.004557563923299313, 171.0, 207.0, 0.5836177474402731, 0.9595915784990017, 0.7268180293592399, 0.06108570098876953, 0.5943215688069662, 32.118725538253784
0.27855029702186584, 0.010540665127336979, 1883.0, 48233.0, 0.06621422040931148, 0.8084745652539587, 0.08185774213822247, 0.8221153616905212, 0.014289174228906631, 171.0, 649.0, 0.3326848249027238, 0.9498262015896431, 0.5382731772036282, 0.058912038803100586, 0.5898361802101135, 33.25105118751526

[2]:
, TPR, FPR, TP, FP, F1, AUC, AP, UW_TPR, UW_FPR, UW_TP, UW_FP, UW_F1, UW_AUC, UW_AP, FwdTime, TPE, tr_time
mean, 0.25250942558050155, 0.0969417043030262, 1675.4, 36833.0, 0.07943961409663916, 0.6266124593992805, 0.08374572934541977, 0.25238095968961716, 0.0957960844039917, 10.6, 793.0, 0.026196035441001336, 0.6501248288636547, 0.022023296071534568, 0.03525090217590332, 0.5868794763088226, 32.47380199432373
stderr, 0.04906395719541846, 0.02148339386620432, 325.53933710075654, 8162.615401940728, 0.01887397422409118, 0.03805988551301907, 0.03860087244404753, 0.04677829372618503, 0.015316546384490084, 1.9646882704388502, 126.79037818383539, 0.005759482425530046, 0.03503489037665602, 0.010374427205272816, 0.0007309100470692998, 0.007539766510405212, 0.29086013965681834

0.08756593614816666, 0.05852349102497101, 581.0, 22236.0, 0.03945402689121282, 0.5215329252956676, 0.023843453936856003, 0.095238097012043, 0.06692437827587128, 4.0, 554.0, 0.013333333333333332, 0.5538806244894672, 0.0063614470418136134, 0.03310513496398926, 0.5665487925211589, 31.84347438812256
0.36910325288772583, 0.06816686689853668, 2449.0, 25900.0, 0.14000686027898468, 0.7528848425599965, 0.22744999475311398, 0.3571428656578064, 0.07344768941402435, 15.0, 608.0, 0.04511278195488722, 0.7651951817209126, 0.06181792390239581, 0.03589272499084473, 0.6093122005462647, 33.0988495349884
0.3318764269351959, 0.16361626982688904, 2202.0, 62166.0, 0.06202554821627255, 0.6032058111005563, 0.025951101512728125, 0.3333333432674408, 0.14363372325897217, 14.0, 1189.0, 0.02248995983935743, 0.6328909674524558, 0.008237718772790113, 0.03666877746582031, 0.57437863945961, 32.05690932273865
0.25380557775497437, 0.06197920814156532, 1684.0, 23549.0, 0.10568595456257061, 0.6544995086709244, 0.10142541609883646, 0.261904776096344, 0.07441411167383194, 11.0, 616.0, 0.032884902840059786, 0.6788791863689182, 0.023177982869046727, 0.033942222595214844, 0.5943215688069662, 32.118725538253784
0.220195934176445, 0.13242268562316895, 1461.0, 50314.0, 0.05002568053415511, 0.6009392093692573, 0.04005868042556428, 0.2142857164144516, 0.12056051939725876, 9.0, 998.0, 0.017159199237368923, 0.6197781842865197, 0.010521407771626573, 0.03664565086364746, 0.5898361802101135, 33.25105118751526

[3]:
, TPR, FPR, TP, FP, F1, AUC, AP, UW_TPR, UW_FPR, UW_TP, UW_FP, UW_F1, UW_AUC, UW_AP, FwdTime, TPE, tr_time
mean, 0.24655493199825287, 0.015360308345407248, 5428.4, 158923.6, 0.10355827458506402, 0.7888606563281895, 0.07883368783896652, 0.7176954627037049, 0.024699645489454268, 174.4, 2362.2, 0.15890244377745516, 0.9098782859105746, 0.3252973577930237, 0.07220277786254883, 0.5868794763088226, 32.47380199432373
stderr, 0.022997092964582303, 0.0071401927741207944, 506.3270287077315, 73875.15270007908, 0.031535283468996915, 0.027411931527389723, 0.029130023248383156, 0.021446612143306103, 0.007849563367563444, 5.211525688318153, 750.7086918372531, 0.0322387331952731, 0.009371233824916487, 0.10631149398569245, 0.0005330824922313262, 0.007539766510405212, 0.29086013965681834

0.22364535927772522, 0.002958039054647088, 4924.0, 30605.0, 0.17113265909011918, 0.7989552459063458, 0.10873985822821591, 0.6378600597381592, 0.010194798931479454, 155.0, 975.0, 0.22578295702840495, 0.9019874576324718, 0.30471489701348203, 0.07090520858764648, 0.5665487925211589, 31.84347438812256
0.3153018057346344, 0.010021764785051346, 6942.0, 103689.0, 0.1046679934865207, 0.8687438265894749, 0.14585893109998757, 0.7613168954849243, 0.01825653202831745, 185.0, 1746.0, 0.1701931922723091, 0.9412133482611784, 0.5998648202645229, 0.07130217552185059, 0.6093122005462647, 33.0988495349884
0.17718127369880676, 0.041765715926885605, 3901.0, 432124.0, 0.0170333724854926, 0.7041550969672068, 0.0057131938890574874, 0.7119341492652893, 0.0529397614300251, 173.0, 5063.0, 0.06315020989231612, 0.8868255097474843, 0.06537563229359605, 0.07368922233581543, 0.57437863945961, 32.05690932273865
0.2692010700702667, 0.003867439227178693, 5927.0, 40014.0, 0.17443126637040524, 0.8122642213700425, 0.12149156844512973, 0.7407407164573669, 0.012212846428155899, 180.0, 1168.0, 0.22627278441231927, 0.9191889247196758, 0.5315571609802473, 0.07316112518310547, 0.5943215688069662, 32.118725538253784
0.24744515120983124, 0.018188582733273506, 5448.0, 188186.0, 0.05052608149278232, 0.7601848908078775, 0.012364887532441941, 0.7366254925727844, 0.029894288629293442, 179.0, 2859.0, 0.10911307528192625, 0.9001761891920629, 0.12497427841327038, 0.07195615768432617, 0.5898361802101135, 33.25105118751526

Namespace(compressed=True, dataset='OPTC', delta=4.0, encoder='GCN', fpweight=0.6, hidden=32, impl='STATIC', load=False, ngrus=1, nowrite=False, rnn='LSTM', te_end=None, tests=5, threads=1, workers=8, zdim=16)

[0]:
, TPR, FPR, TP, FP, F1, AUC, AP, UW_TPR, UW_FPR, UW_TP, UW_FP, UW_F1, UW_AUC, UW_AP, FwdTime, TPE, tr_time
mean, 0.2688117116689682, 0.020007621427066625, 2314.2, 107851.4, 0.1280693141381119, 0.8025485836169146, 0.12139510888389612, 0.30909091532230376, 0.026908609364181758, 6.8, 1137.4, 0.03253191269160895, 0.7861903952821646, 0.013471174423334079, 0.042498540878295896, 0.4886093767484029, 29.699285316467286
stderr, 0.028302737049689965, 0.01263443085641867, 243.65824426848357, 68106.0977399234, 0.06664030028867537, 0.0445714858677586, 0.05827630963690194, 0.03340213162102512, 0.013735048804599814, 0.7348469228349535, 580.5667575740106, 0.01585955032089123, 0.03941170863968208, 0.006226500633430963, 0.0013689172143543152, 0.0028853066247071044, 0.23505041303704505

0.30677199363708496, 0.0004980970406904817, 2641.0, 2685.0, 0.37904556871187656, 0.942226525997586, 0.32590717147102816, 0.3636363744735718, 0.0035013840533792973, 8.0, 148.0, 0.0898876404494382, 0.9091597323634987, 0.03458988096457507, 0.04046344757080078, 0.4861844857533773, 28.993242502212524
0.25124868750572205, 0.011881793849170208, 2163.0, 64049.0, 0.057817992274896084, 0.7478235713591155, 0.13716342251686345, 0.27272728085517883, 0.019210295751690865, 6.0, 812.0, 0.014285714285714285, 0.739514666884607, 0.008783692755500231, 0.043505191802978516, 0.4836744467417399, 29.753117561340332
0.20885120332241058, 0.012210519053041935, 1798.0, 65821.0, 0.04717426667366322, 0.7658210069504171, 0.011735715099038625, 0.27272728085517883, 0.022640705108642578, 6.0, 957.0, 0.012182741116751269, 0.7594734159355987, 0.00287577594767699, 0.04013419151306152, 0.48626646399497986, 30.10128426551819
0.3589267134666443, 0.005650479346513748, 3090.0, 30459.0, 0.146591394278666, 0.8642142119812508, 0.12815336308906936, 0.40909090638160706, 0.00908467173576355, 9.0, 384.0, 0.04337349397590362, 0.838287892050697, 0.019990502576429852, 0.04095625877380371, 0.4869913736979167, 29.37125015258789
0.21825996041297913, 0.06979721784591675, 1879.0, 376243.0, 0.009717348751457732, 0.6926576017962038, 0.004015872243481033, 0.22727273404598236, 0.0801059901714325, 5.0, 3386.0, 0.002929973630237328, 0.684516269176422, 0.0011160198724882396, 0.04743361473083496, 0.49993011355400085, 30.27753210067749

[1]:
, TPR, FPR, TP, FP, F1, AUC, AP, UW_TPR, UW_FPR, UW_TP, UW_FP, UW_F1, UW_AUC, UW_AP, FwdTime, TPE, tr_time
mean, 0.2319822460412979, 0.008531135972589254, 1568.2, 39037.6, 0.18345215727927572, 0.8013400518608572, 0.10843422455758782, 0.7835051655769348, 0.014983845222741366, 152.0, 593.6, 0.4451706664973944, 0.959462762624286, 0.528002944685774, 0.04634113311767578, 0.4886093767484029, 29.699285316467286
stderr, 0.0261007437017419, 0.007140247979370942, 176.4410383102525, 32673.039697279462, 0.05663970799894698, 0.027469119794778216, 0.033608860713420945, 0.037808495540993574, 0.008632826327975783, 7.3348483283569, 341.99804093006145, 0.08900580837226792, 0.00966183659969768, 0.1313391917771924, 0.0009879736171056256, 0.0028853066247071044, 0.23505041303704505

0.2004437893629074, 0.0006927603390067816, 1355.0, 3170.0, 0.24014178112538767, 0.8533127345201745, 0.16267550393374525, 0.8659793734550476, 0.004947496112436056, 168.0, 196.0, 0.6021505376344085, 0.975225437394867, 0.7591823766004242, 0.04315829277038574, 0.4861844857533773, 28.993242502212524
0.19127218425273895, 0.0015708395512774587, 1293.0, 7188.0, 0.16967390591168557, 0.7433259625406415, 0.06031081245430586, 0.7061855792999268, 0.007219305261969566, 137.0, 286.0, 0.4440842787682334, 0.9529524673983645, 0.4562007233226777, 0.0483088493347168, 0.4836744467417399, 29.753117561340332
0.19127218425273895, 0.002604298060759902, 1293.0, 11917.0, 0.12949424136204304, 0.8008459821903474, 0.12462081011909235, 0.8608247637748718, 0.009314418770372868, 167.0, 369.0, 0.4575342465753425, 0.9674655689464218, 0.7421535820104648, 0.047116994857788086, 0.48626646399497986, 30.10128426551819
0.32677513360977173, 0.0007296929834410548, 2209.0, 3339.0, 0.358953526161846, 0.8716997277436184, 0.18899454179718855, 0.7989690899848938, 0.004114499315619469, 155.0, 163.0, 0.60546875, 0.9769432167363389, 0.633453116202137, 0.045008182525634766, 0.4869913736979167, 29.37125015258789
0.2501479387283325, 0.037058088928461075, 1691.0, 169574.0, 0.018997331835416374, 0.7375158523095041, 0.005569454483607137, 0.6855670213699341, 0.04932350665330887, 133.0, 1954.0, 0.1166155195089873, 0.9247271226454374, 0.049024925293166224, 0.048113346099853516, 0.49993011355400085, 30.27753210067749

[2]:
, TPR, FPR, TP, FP, F1, AUC, AP, UW_TPR, UW_FPR, UW_TP, UW_FP, UW_F1, UW_AUC, UW_AP, FwdTime, TPE, tr_time
mean, 0.30613412857055666, 0.05165732353925705, 2031.2, 19627.2, 0.18560907969137902, 0.6992792458215211, 0.178268173642166, 0.41666666269302366, 0.054457050375640394, 15.0, 403.2, 0.09160625728475877, 0.8019310132661024, 0.10802843238526154, 0.029711246490478516, 0.4886093767484029, 29.699285316467286
stderr, 0.015804225094781174, 0.020416662416420418, 104.86105091977669, 7757.310857507258, 0.040979122482561706, 0.029201056114153245, 0.057350220729632216, 0.008784104088006155, 0.01669962255591707, 0.31622776601683794, 123.64400511144888, 0.026074741797416513, 0.0232790002856632, 0.03301239845329966, 0.0019563983544122463, 0.0028853066247071044, 0.23505041303704505

0.24491333961486816, 0.008164232596755028, 1625.0, 3102.0, 0.2860411899313501, 0.7309578611313332, 0.2704082540167814, 0.3888888955116272, 0.014451648108661175, 14.0, 107.0, 0.17834394904458598, 0.8369199831922685, 0.1660072772351178, 0.03391003608703613, 0.4861844857533773, 28.993242502212524
0.3163526654243469, 0.058844584971666336, 2099.0, 22358.0, 0.1350186543162228, 0.6501485371741591, 0.16290307565685488, 0.4166666567325592, 0.05848190188407898, 15.0, 433.0, 0.06198347107438017, 0.7585051623746923, 0.07429762732296676, 0.0229644775390625, 0.4836744467417399, 29.753117561340332
0.3163526654243469, 0.04704303294420242, 2099.0, 17874.0, 0.1577720986169573, 0.6878483443811718, 0.07463318212216191, 0.4166666567325592, 0.059697460383176804, 15.0, 442.0, 0.060851926977687626, 0.7999898703403565, 0.08230585960458528, 0.02805495262145996, 0.48626646399497986, 30.10128426551819
0.33669930696487427, 0.019510461017489433, 2234.0, 7413.0, 0.2744134627195676, 0.7946184970794455, 0.34328006069122496, 0.4444444477558136, 0.02822798490524292, 16.0, 209.0, 0.12260536398467434, 0.8690497628909298, 0.1999641569232878, 0.032767295837402344, 0.4869913736979167, 29.37125015258789
0.3163526654243469, 0.12472430616617203, 2099.0, 47389.0, 0.07479999287279726, 0.6328229893414961, 0.04011629572380681, 0.4166666567325592, 0.11142625659704208, 15.0, 825.0, 0.03424657534246575, 0.7451902875322649, 0.017567240840350037, 0.03085947036743164, 0.49993011355400085, 30.27753210067749

[3]:
, TPR, FPR, TP, FP, F1, AUC, AP, UW_TPR, UW_FPR, UW_TP, UW_FP, UW_F1, UW_AUC, UW_AP, FwdTime, TPE, tr_time
mean, 0.23463758528232576, 0.017543679312802853, 5163.2, 181513.8, 0.1181064690553177, 0.7681118753091949, 0.08054808017434127, 0.6815450668334961, 0.02626057080924511, 158.8, 2220.2, 0.20123866726225043, 0.9085263327019133, 0.34715187796601166, 0.0784841537475586, 0.4886093767484029, 29.699285316467286
stderr, 0.01214899559373963, 0.010727718111274686, 267.3386242202948, 110993.18690460238, 0.04811849764581399, 0.026947225935363608, 0.02778345805793654, 0.0316085009102612, 0.012245780232218591, 7.364781055808787, 1035.3195352160608, 0.06319329907740152, 0.0128388896785116, 0.10334272929796341, 0.003416905907109535, 0.0028853066247071044, 0.23505041303704505

0.23853670060634613, 0.000893934746272862, 5249.0, 9249.0, 0.2875928005917322, 0.8386537052986414, 0.14955719042810572, 0.7510729432106018, 0.005263469181954861, 175.0, 445.0, 0.4103165298944901, 0.9363077590038268, 0.5977900984993171, 0.0730898380279541, 0.4861844857533773, 28.993242502212524
0.21522381901741028, 0.012691959738731384, 4736.0, 131316.0, 0.05992774758473209, 0.7282660717651454, 0.06913405731383952, 0.6137338876724243, 0.020344195887446404, 143.0, 1720.0, 0.1364503816793893, 0.896403291844732, 0.24769213368667511, 0.06848454475402832, 0.4836744467417399, 29.753117561340332
0.20086343586444855, 0.009881317615509033, 4420.0, 102236.0, 0.06870768919874709, 0.7492871688972522, 0.04051068557733184, 0.7424892783164978, 0.022331302985548973, 173.0, 1888.0, 0.15082824760244112, 0.9136883194743283, 0.5293756120581962, 0.08040761947631836, 0.48626646399497986, 30.10128426551819
0.26939332485198975, 0.0045851729810237885, 5928.0, 47440.0, 0.15729770607511973, 0.8235536874737803, 0.13805929473178197, 0.6995708346366882, 0.009805428795516491, 163.0, 829.0, 0.2661224489795918, 0.9307855201676634, 0.34184877379121326, 0.08298468589782715, 0.4869913736979167, 29.37125015258789
0.24917064607143402, 0.05966601148247719, 5483.0, 617328.0, 0.01700640182625741, 0.7007987431111558, 0.00547917282064732, 0.6008583903312683, 0.07355845719575882, 140.0, 6219.0, 0.04247572815533981, 0.8654467730190161, 0.019052771794656587, 0.08745408058166504, 0.49993011355400085, 30.27753210067749

