Namespace(compressed=True, dataset='OPTC', delta=0.125, encoder='GCN', fpweight=0.6, hidden=32, impl='TEDGE', load=False, ngrus=1, nowrite=False, rnn='GRU', te_end=None, tests=5, threads=1, workers=8, zdim=16)

[0]:
, TPR, FPR, TP, FP, F1, AUC, AP, UW_TPR, UW_FPR, UW_TP, UW_FP, UW_F1, UW_AUC, UW_AP, FwdTime, TPE, tr_time
mean, 0.9997665882110596, 1.6658763524901587e-05, 8567.0, 89.8, 0.994670905757463, 0.999760727201337, 0.9862822839579002, 0.9831932783126831, 0.0005667140532750637, 117.0, 56.6, 0.799974453650111, 0.9850918880478478, 0.7293210461938753, 0.2679100513458252, 4.516155743786394, 676.7537395954132
stderr, 0.0, 5.577641145353296e-07, 0.0, 3.0066592756745814, 0.0001736476245853082, 9.906885954088367e-07, 0.0010919217088623298, 0.0, 2.5644812268116548e-05, 0.0, 2.5612496949731396, 0.0070797239263121385, 0.0003818009062373744, 0.03434481733915631, 0.014860412531535068, 0.02602162469011692, 43.893499786595285

0.9997665882110596, 1.4840769836155232e-05, 8567.0, 80.0, 0.9952369888475836, 0.9997631100268466, 0.9881711438418873, 0.9831932783126831, 0.00048060555127449334, 117.0, 48.0, 0.8239436619718309, 0.9851537727452555, 0.8224254446223992, 0.24495553970336914, 4.5389949352510515, 590.3264660835266
0.9997665882110596, 1.7808923075790517e-05, 8567.0, 96.0, 0.9943129062209842, 0.9997627550386322, 0.9884149332369949, 0.9831932783126831, 0.0006207822007127106, 117.0, 62.0, 0.785234899328859, 0.9862790140787475, 0.789973319019012, 0.3255031108856201, 4.458456037490349, 763.9196829795837
0.9997665882110596, 1.5953826732584275e-05, 8567.0, 86.0, 0.994890256648473, 0.9997590471951223, 0.9828862458679659, 0.9831932783126831, 0.0005406812415458262, 117.0, 54.0, 0.806896551724138, 0.9854840207905657, 0.6396052403638832, 0.2501411437988281, 4.601228068360185, 718.9198708534241
0.9997665882110596, 1.7623413441469893e-05, 8567.0, 95.0, 0.9943706111078869, 0.999758079564037, 0.984555123800362, 0.9831932783126831, 0.0006107695517130196, 117.0, 61.0, 0.7878787878787878, 0.9842405212079824, 0.6733771906732429, 0.26704955101013184, 4.46661931569459, 757.2003517150879
0.9997665882110596, 1.706688453850802e-05, 8567.0, 92.0, 0.9945437659623868, 0.9997606441820472, 0.987383973042291, 0.9831932783126831, 0.0005807317211292684, 117.0, 58.0, 0.7959183673469388, 0.9843021114166876, 0.7212240362908393, 0.25190091133117676, 4.515480362135788, 553.4023263454437

[1]:
, TPR, FPR, TP, FP, F1, AUC, AP, UW_TPR, UW_FPR, UW_TP, UW_FP, UW_F1, UW_AUC, UW_AP, FwdTime, TPE, tr_time
mean, 0.877462488412857, 0.00048816348426043986, 5906.2, 2233.8, 0.7826471008691586, 0.9839379218743428, 0.833276560942835, 0.8741433024406433, 0.0012286689598113298, 561.2, 108.0, 0.846873932800766, 0.992850281224416, 0.8035675767051054, 0.27474246025085447, 4.516155743786394, 676.7537395954132
stderr, 0.09995730453745118, 7.778245473717847e-06, 672.8126336507066, 35.592695879913336, 0.06290039561453706, 7.717738779370556e-05, 0.07547954459891752, 0.08464037333797654, 5.125770229565391e-05, 54.339120346210976, 4.505552130427525, 0.05349400191836909, 0.00020225179926249896, 0.024736868139337106, 0.006980839681121367, 0.02602162469011692, 43.893499786595285

0.9790521264076233, 0.00047290974180214107, 6590.0, 2164.0, 0.8511462705844365, 0.9836574417406269, 0.5866015072479531, 0.9672897458076477, 0.0010807736543938518, 621.0, 95.0, 0.9145802650957292, 0.9929933743031409, 0.75191780656409, 0.2580122947692871, 4.5389949352510515, 590.3264660835266
0.9757837057113647, 0.0004825252981390804, 6568.0, 2208.0, 0.8471013090862192, 0.9840305914749621, 0.9356251155653382, 0.9501557350158691, 0.0013538111234083772, 610.0, 119.0, 0.8898614150255287, 0.9930990859763466, 0.801437540805996, 0.29738450050354004, 4.458456037490349, 763.9196829795837
0.9784578680992126, 0.0005070011829957366, 6586.0, 2320.0, 0.8423610667007738, 0.9841135722121227, 0.9566855425952249, 0.9641744494438171, 0.0012969283852726221, 619.0, 114.0, 0.9003636363636364, 0.9933943627529157, 0.8386768598720373, 0.26273679733276367, 4.601228068360185, 718.9198708534241
0.9763779640197754, 0.0005063455901108682, 6572.0, 2317.0, 0.8414852752880922, 0.9839222850764164, 0.9602919073871218, 0.9532710313796997, 0.0012741752434521914, 612.0, 112.0, 0.8960468521229868, 0.9924113000116954, 0.8767740410489303, 0.2746765613555908, 4.46661931569459, 757.2003517150879
0.4776407778263092, 0.0004720356082543731, 3215.0, 2160.0, 0.5311415826862713, 0.9839657188675861, 0.7271787319185372, 0.5358255505561829, 0.0011376563925296068, 344.0, 100.0, 0.6335174953959484, 0.9923532830779809, 0.7490316352344726, 0.2809021472930908, 4.515480362135788, 553.4023263454437

[2]:
, TPR, FPR, TP, FP, F1, AUC, AP, UW_TPR, UW_FPR, UW_TP, UW_FP, UW_F1, UW_AUC, UW_AP, FwdTime, TPE, tr_time
mean, 0.8999846637248993, 0.00038046223926357925, 5868.8, 144.6, 0.9225198073573206, 0.9997704967279049, 0.9729004102162608, 0.9, 0.002982473187148571, 448.2, 30.8, 0.9038465031479921, 0.9983467908624913, 0.9342176608447822, 0.23103060722351074, 4.516155743786394, 676.7537395954132
stderr, 0.1000153362751007, 3.3370852426058194e-05, 652.2, 12.683059567785683, 0.06556669649785056, 5.904139730532e-06, 0.0008390822021130044, 0.09999999999999999, 0.00025325259403252524, 49.8, 2.6153393661244038, 0.06385806365590821, 0.0001608700133216873, 0.0065460273849142995, 0.00944986392739025, 0.02602162469011692, 43.893499786595285

1.0, 0.0004051949072163552, 6521.0, 154.0, 0.988329796908154, 0.9997548704200032, 0.9706036244544285, 1.0, 0.0029050062876194715, 498.0, 30.0, 0.9707602339181286, 0.9980633291372132, 0.9166288986516071, 0.2556939125061035, 4.5389949352510515, 590.3264660835266
1.0, 0.0004130883316975087, 6521.0, 157.0, 0.9881051594817789, 0.9997658073264947, 0.9724665032071538, 1.0, 0.003195506986230612, 498.0, 33.0, 0.967930029154519, 0.998176301604209, 0.9315259370040128, 0.24592041969299316, 4.458456037490349, 763.9196829795837
1.0, 0.0004183505952823907, 6521.0, 159.0, 0.9879554579198546, 0.9997768447011376, 0.9722761466938297, 1.0, 0.0033891741186380386, 498.0, 35.0, 0.9660523763336566, 0.9985482746323728, 0.9356964177574222, 0.20906519889831543, 4.601228068360185, 718.9198708534241
1.0, 0.0004183505952823907, 6521.0, 159.0, 0.9879554579198546, 0.999789587613438, 0.9757180874462417, 1.0, 0.0033891741186380386, 498.0, 35.0, 0.9660523763336566, 0.9988827198014485, 0.9570621173133993, 0.2348635196685791, 4.46661931569459, 757.2003517150879
0.49992331862449646, 0.0002473267668392509, 3260.0, 94.0, 0.660253164556962, 0.9997653735784507, 0.9734376892796511, 0.5, 0.0020335044246166945, 249.0, 21.0, 0.6484375, 0.9980633291372132, 0.93017493349747, 0.2096099853515625, 4.515480362135788, 553.4023263454437

[3]:
, TPR, FPR, TP, FP, F1, AUC, AP, UW_TPR, UW_FPR, UW_TP, UW_FP, UW_F1, UW_AUC, UW_AP, FwdTime, TPE, tr_time
mean, 0.9321536302566529, 0.00022896569571457804, 20386.2, 2369.0, 0.9093994718805927, 0.9949865827747832, 0.9549606337748793, 0.8956875324249267, 0.0009454563842155039, 1100.8, 186.6, 0.8667661253194803, 0.9946879024557825, 0.826749379252026, 0.7070846080780029, 4.516155743786394, 676.7537395954132
stderr, 0.06080504378780539, 1.441035660757106e-06, 1329.8063919232752, 14.909728367747011, 0.03545863658795349, 2.2497152535323594e-05, 0.013357671613499258, 0.08114020393290602, 3.732241031227177e-05, 99.72131166405704, 7.366138744281158, 0.05012392332631352, 0.00013995503747952698, 0.016359341223764076, 0.015570648726955157, 0.02602162469011692, 43.893499786595285

0.9934613704681396, 0.00022703268041368574, 21727.0, 2349.0, 0.945762416750098, 0.9949338949071734, 0.9117499956811558, 0.981285572052002, 0.0008360145147889853, 1206.0, 165.0, 0.9276923076923077, 0.994797368676495, 0.8145425126461352, 0.700767993927002, 4.5389949352510515, 590.3264660835266
0.9924554228782654, 0.00023254177358467132, 21705.0, 2406.0, 0.9440856005741503, 0.9949811210701488, 0.9761271289746201, 0.9723352193832397, 0.0010437513701617718, 1195.0, 206.0, 0.9087452471482891, 0.994884690830166, 0.8166384762160062, 0.7517642974853516, 4.458456037490349, 763.9196829795837
0.993278443813324, 0.00023012550082057714, 21723.0, 2381.0, 0.9450123983120894, 0.9950110180753268, 0.9739672465333725, 0.9796582460403442, 0.0009677500929683447, 1204.0, 191.0, 0.9176829268292683, 0.9950314143931736, 0.8442925163101134, 0.6617114543914795, 4.601228068360185, 718.9198708534241
0.9926382899284363, 0.0002307054091943428, 21709.0, 2387.0, 0.9445677239698907, 0.9949479818820788, 0.977544814005409, 0.9739625453948975, 0.000993083929643035, 1197.0, 196.0, 0.9130434782608695, 0.9944402882261838, 0.8780353802756307, 0.6914920806884766, 4.46661931569459, 757.2003517150879
0.6889346241950989, 0.00022442311455961317, 15067.0, 2322.0, 0.7675692197967345, 0.9950588979391883, 0.9354139836798397, 0.5711960792541504, 0.000886682013515383, 702.0, 175.0, 0.6666666666666666, 0.9942857501528941, 0.7802380108122444, 0.7296872138977051, 4.515480362135788, 553.4023263454437

Namespace(compressed=True, dataset='OPTC', delta=0.25, encoder='GCN', fpweight=0.6, hidden=32, impl='TEDGE', load=False, ngrus=1, nowrite=False, rnn='GRU', te_end=None, tests=5, threads=1, workers=8, zdim=16)

[0]:
, TPR, FPR, TP, FP, F1, AUC, AP, UW_TPR, UW_FPR, UW_TP, UW_FP, UW_F1, UW_AUC, UW_AP, FwdTime, TPE, tr_time
mean, 0.989333963394165, 1.3579352344095242e-05, 8496.4, 73.2, 0.990283024427496, 0.9998208636124556, 0.9932962393031952, 0.9763157844543457, 0.000631337077356875, 74.2, 56.6, 0.7176847807653923, 0.9901074136021026, 0.6318379130027135, 0.16061902046203613, 3.014791411103738, 397.729997253418
stderr, 0.010433161258697508, 3.23448226345651e-07, 89.6, 1.7435595774162693, 0.005296878905879745, 3.3483375616872964e-05, 0.0009718706937152768, 0.01052631139755249, 1.982843164646352e-05, 0.7999999999999999, 1.7776388834631178, 0.004767774265152596, 0.0011112374939368421, 0.02790030111522951, 0.004268488850309483, 0.017707596517518544, 29.35058885919381

0.947601318359375, 1.2800209333363455e-05, 8138.0, 69.0, 0.9690979458172075, 0.9997624532615214, 0.9910406227113593, 0.9342105388641357, 0.0005800270009785891, 71.0, 52.0, 0.71356783919598, 0.9879210699501987, 0.5685410777464213, 0.1495532989501953, 3.05489835042632, 371.51606702804565
0.9997671246528625, 1.3356740055314731e-05, 8586.0, 72.0, 0.995709149947814, 0.9998579516418122, 0.9960613371275363, 0.9868420958518982, 0.0006246444536373019, 75.0, 56.0, 0.7246376811594203, 0.9899565214583569, 0.7341936330334243, 0.16183686256408691, 2.9540699810351967, 426.5352613925934
0.9997671246528625, 1.3913270777266007e-05, 8586.0, 75.0, 0.9955359730998898, 0.9997650437846299, 0.9915866280083536, 0.9868420958518982, 0.000658107572235167, 75.0, 59.0, 0.7142857142857143, 0.9895926836757039, 0.6096568733397688, 0.17567014694213867, 3.016008945306142, 489.3746943473816
0.9997671246528625, 1.4655312043032609e-05, 8586.0, 79.0, 0.9953051643192489, 0.999935408791464, 0.9950174987545687, 0.9868420958518982, 0.0006915706326253712, 75.0, 62.0, 0.704225352112676, 0.9943228683861219, 0.6384143812445798, 0.15757393836975098, 3.0443130763801367, 312.7090618610382
0.9997671246528625, 1.3171229511499405e-05, 8586.0, 71.0, 0.9957668889533198, 0.9997834605828506, 0.9927751099141578, 0.9868420958518982, 0.0006023357273079455, 75.0, 54.0, 0.7317073170731708, 0.9887439245401318, 0.6083835996493732, 0.1584608554840088, 3.0046667023708946, 388.514901638031

[1]:
, TPR, FPR, TP, FP, F1, AUC, AP, UW_TPR, UW_FPR, UW_TP, UW_FP, UW_F1, UW_AUC, UW_AP, FwdTime, TPE, tr_time
mean, 0.8706929802894592, 0.000316526647657156, 5867.6, 1448.4, 0.8343920081039524, 0.9881381280681083, 0.8853464708595414, 0.7371287107467651, 0.0011378789320588111, 297.8, 89.6, 0.7510118934090497, 0.9911447291307238, 0.7467961804662522, 0.1546870231628418, 3.014791411103738, 397.729997253418
stderr, 0.06333192637443019, 9.62574947672259e-05, 426.79381438816563, 440.4664118863094, 0.055783705353497415, 0.0024005412626489364, 0.035249238470650264, 0.03780246648822167, 5.381969565424636e-05, 15.27219696049, 4.237924020083418, 0.02790465494175882, 0.0010299620090514878, 0.03385342754200355, 0.006180779318640721, 0.017707596517518544, 29.35058885919381

0.9201661944389343, 5.004460399504751e-05, 6201.0, 229.0, 0.9417571569595262, 0.984010287148101, 0.9512680624239137, 0.853960394859314, 0.000977864721789956, 345.0, 77.0, 0.8353510895883777, 0.9893965586505693, 0.7641461457547556, 0.14368224143981934, 3.05489835042632, 371.51606702804565
0.9063659310340881, 0.0005035055219195783, 6108.0, 2304.0, 0.8062834136360636, 0.9908654611215715, 0.8563475991252695, 0.7376237511634827, 0.00118105742149055, 298.0, 93.0, 0.749685534591195, 0.9910446542285763, 0.7039421293465914, 0.1767723560333252, 2.9540699810351967, 426.5352613925934
0.957263708114624, 0.00011757203901652247, 6451.0, 538.0, 0.9398310023310024, 0.9838407148288318, 0.8802102695913191, 0.7673267126083374, 0.0011048601008951664, 310.0, 87.0, 0.7740324594257179, 0.9899857356486065, 0.8084414640652999, 0.1453688144683838, 3.016008945306142, 489.3746943473816
0.6201216578483582, 0.00047793687554076314, 4179.0, 2187.0, 0.6377718428080885, 0.9962820691599356, 0.7716472467442305, 0.6237623691558838, 0.0013080528005957603, 252.0, 103.0, 0.6640316205533597, 0.9951267866903272, 0.6383641792694303, 0.1480269432067871, 3.0443130763801367, 312.7090618610382
0.9495474100112915, 0.0004335741978138685, 6399.0, 1984.0, 0.8463166247850814, 0.985692108082102, 0.967259176412974, 0.7029703259468079, 0.001117559615522623, 284.0, 88.0, 0.731958762886598, 0.9901699104355403, 0.8190869838951831, 0.15958476066589355, 3.0046667023708946, 388.514901638031

[2]:
, TPR, FPR, TP, FP, F1, AUC, AP, UW_TPR, UW_FPR, UW_TP, UW_FP, UW_F1, UW_AUC, UW_AP, FwdTime, TPE, tr_time
mean, 0.9330821394920349, 0.00010948808921966702, 6191.0, 41.6, 0.9567136853841592, 0.9999434299103133, 0.993161215133374, 0.9333333373069763, 0.0020657672779634596, 240.8, 19.6, 0.923671371625522, 0.9991234541877461, 0.9410946161852222, 0.17605967521667482, 3.014791411103738, 397.729997253418
stderr, 0.06691786050796508, 6.371215519124367e-06, 444.0, 2.420743687382041, 0.03998153248725762, 1.8556442863648683e-05, 0.0025366189900177093, 0.06666666269302368, 0.0001512721480197444, 17.2, 1.4352700094407322, 0.03722844978409084, 0.00030713470737428234, 0.021983908423200665, 0.017597141847029877, 0.017707596517518544, 29.35058885919381

1.0, 0.00011843663378385827, 6635.0, 45.0, 0.9966203529853548, 0.9999118152321038, 0.9890991107039961, 1.0, 0.00231871847063303, 258.0, 22.0, 0.9591078066914498, 0.9986298482293423, 0.9100909961512402, 0.2006368637084961, 3.05489835042632, 371.51606702804565
1.0, 0.00011580470891203731, 6635.0, 44.0, 0.9966952080516749, 0.9999026151955702, 0.9869618357130412, 1.0, 0.002213322091847658, 258.0, 21.0, 0.9608938547486032, 0.9985244519392917, 0.8935781396941909, 0.18062090873718262, 2.9540699810351967, 426.5352613925934
1.0, 0.00011317278404021636, 6635.0, 43.0, 0.9967700743634041, 1.0, 1.0, 1.0, 0.0021079257130622864, 258.0, 20.0, 0.9626865671641791, 1.0, 1.0, 0.22505569458007812, 3.016008945306142, 489.3746943473816
0.6654106974601746, 8.422161045018584e-05, 4415.0, 32.0, 0.7967875834686879, 0.9999301986449056, 0.991622233272457, 0.6666666865348816, 0.0014755480224266648, 172.0, 14.0, 0.7747747747747747, 0.9987352445193929, 0.9135884905389213, 0.14458322525024414, 3.0443130763801367, 312.7090618610382
1.0, 0.00011580470891203731, 6635.0, 44.0, 0.9966952080516749, 0.9999725204789867, 0.9981228959773751, 1.0, 0.002213322091847658, 258.0, 21.0, 0.9608938547486032, 0.9997277262507027, 0.9882154545417585, 0.12940168380737305, 3.0046667023708946, 388.514901638031

[3]:
, TPR, FPR, TP, FP, F1, AUC, AP, UW_TPR, UW_FPR, UW_TP, UW_FP, UW_F1, UW_AUC, UW_AP, FwdTime, TPE, tr_time
mean, 0.9359377145767211, 0.0001485729262640234, 20556.0, 1537.2, 0.9319492519295224, 0.9963109957201663, 0.9699548642227338, 0.82678062915802, 0.0009295435505919158, 580.4, 164.4, 0.8007418386928554, 0.9937927471846765, 0.7687639775138492, 0.40639734268188477, 3.014791411103738, 397.729997253418
stderr, 0.03883136494747528, 4.4288077019151893e-05, 852.8533285389698, 458.2236790040427, 0.026997290010651827, 0.0007516791168327841, 0.006500707666171905, 0.03815589738939495, 2.756076773789995e-05, 26.785443808158192, 4.874423042781577, 0.025381915339743585, 0.0007047949920873562, 0.03499643058236491, 0.0068904488243204795, 0.017707596517518544, 29.35058885919381

0.955015242099762, 2.0683455659309402e-05, 20975.0, 214.0, 0.9721449758991472, 0.9950148584055669, 0.9790575701713662, 0.9088318943977356, 0.0008368153357878327, 638.0, 148.0, 0.85752688172043, 0.9924658629418299, 0.7522995044026036, 0.38578176498413086, 3.05489835042632, 371.51606702804565
0.9711788296699524, 0.00023380035418085754, 21330.0, 2419.0, 0.9332341617080855, 0.9971697539954384, 0.966956251699511, 0.8490028381347656, 0.0009498985018581152, 596.0, 168.0, 0.8130968622100955, 0.9937250084413676, 0.7252151562290635, 0.41251564025878906, 2.9540699810351967, 426.5352613925934
0.986795961856842, 6.340348772937432e-05, 21673.0, 656.0, 0.9786417411722208, 0.9949563849292217, 0.9661360728688629, 0.8646723628044128, 0.0009385902085341513, 607.0, 166.0, 0.823050847457627, 0.9931500603327632, 0.8532057349754495, 0.4278116226196289, 3.016008945306142, 489.3746943473816
0.7822701930999756, 0.00022210550378076732, 17181.0, 2298.0, 0.8291588243810627, 0.9988565978626692, 0.9496270809176086, 0.6837607026100159, 0.0010064401431009173, 480.0, 178.0, 0.7058823529411765, 0.9964968022354898, 0.6702403054402873, 0.4044613838195801, 3.0443130763801367, 312.7090618610382
0.984428346157074, 0.00020287182996980846, 21621.0, 2099.0, 0.9465665564870958, 0.9955573834079354, 0.9879973454563198, 0.8276353478431702, 0.0009159735636785626, 581.0, 162.0, 0.8041522491349481, 0.9931260019719319, 0.8428591865218418, 0.4014163017272949, 3.0046667023708946, 388.514901638031

Namespace(compressed=True, dataset='OPTC', delta=0.5, encoder='GCN', fpweight=0.6, hidden=32, impl='TEDGE', load=False, ngrus=1, nowrite=False, rnn='GRU', te_end=None, tests=5, threads=1, workers=8, zdim=16)

[0]:
, TPR, FPR, TP, FP, F1, AUC, AP, UW_TPR, UW_FPR, UW_TP, UW_FP, UW_F1, UW_AUC, UW_AP, FwdTime, TPE, tr_time
mean, 0.9049580931663513, 1.1835564328066539e-05, 7775.4, 63.8, 0.9433443646228801, 0.9992937894684047, 0.99007082466296, 0.8883720874786377, 0.0006018379819579423, 38.2, 48.2, 0.5920160072753491, 0.9763746797127812, 0.45697884601488975, 0.10318984985351562, 2.303263068562358, 252.03893733024597
stderr, 0.05071769685354084, 9.430061360466402e-07, 435.7664053136726, 5.083306010855534, 0.02905132894843973, 9.823881372862414e-07, 0.001270382236474755, 0.04674360936763779, 5.617431584232916e-05, 2.009975124224178, 4.498888751680797, 0.03190057704997856, 5.121930069442417e-05, 0.037835414629664554, 0.005835378252021913, 0.01699574915131159, 14.662034756077881

0.9993016719818115, 1.0388583177700639e-05, 8586.0, 56.0, 0.9964024602529883, 0.9992967753893345, 0.9937326809921827, 0.9767441749572754, 0.0005493956850841641, 42.0, 44.0, 0.6511627906976744, 0.976504043226869, 0.5551281410960096, 0.12063264846801758, 2.253017231623332, 230.80070757865906
0.947043776512146, 1.2985728972125798e-05, 8137.0, 70.0, 0.9687481397702244, 0.9992926990614325, 0.9883723937920295, 0.930232584476471, 0.000674258335493505, 40.0, 54.0, 0.583941605839416, 0.9763272028675434, 0.39088254569466235, 0.10118436813354492, 2.3490439334385833, 226.95783376693726
0.7383612394332886, 1.0388583177700639e-05, 6344.0, 56.0, 0.8463180362860192, 0.9992936478375094, 0.9901908031900506, 0.7441860437393188, 0.0004994506016373634, 32.0, 40.0, 0.5565217391304347, 0.9763931187321853, 0.46048550284604417, 0.08643841743469238, 2.292732773405133, 302.75613236427307
0.9993016719818115, 1.0388583177700639e-05, 8586.0, 56.0, 0.9964024602529883, 0.9992948668689206, 0.9916558012198532, 0.9767441749572754, 0.0004994506016373634, 42.0, 40.0, 0.672, 0.9764430637926189, 0.5228166795685063, 0.11060285568237305, 2.289159059524536, 267.69325041770935
0.840782105922699, 1.502634313510498e-05, 7224.0, 81.0, 0.9088507265521797, 0.9992909581848266, 0.9864024441206839, 0.8139534592628479, 0.0007866346859373152, 35.0, 63.0, 0.4964539007092199, 0.9762059699446888, 0.3555813608692262, 0.0970909595489502, 2.3323623448202055, 231.98676252365112

[1]:
, TPR, FPR, TP, FP, F1, AUC, AP, UW_TPR, UW_FPR, UW_TP, UW_FP, UW_F1, UW_AUC, UW_AP, FwdTime, TPE, tr_time
mean, 0.7785650730133057, 0.0002536325588152977, 5252.2, 1160.6, 0.8006067481967507, 0.9890570157541532, 0.878697141967327, 0.5040540575981141, 0.0011299272067844869, 149.2, 78.2, 0.5683932125983757, 0.9896497915019978, 0.6515619958890679, 0.10472817420959472, 2.303263068562358, 252.03893733024597
stderr, 0.08286824709274879, 0.00014655104932229557, 559.0291942287093, 670.6045481503984, 0.08547311289194505, 0.002285604030923521, 0.06761837162888368, 0.03160905458689142, 8.710361478703566e-05, 9.356281312572852, 6.028266749240614, 0.022956040956514965, 0.0012600676689817234, 0.03686246652533965, 0.0028765898175189372, 0.01699574915131159, 14.662034756077881

0.46605396270751953, 0.0007428029202856123, 3144.0, 3399.0, 0.47317330122657836, 0.9944499307110668, 0.6131225364160668, 0.4831081032752991, 0.0013871229020878673, 143.0, 96.0, 0.5345794392523364, 0.9922551329794711, 0.5377470272592052, 0.10678577423095703, 2.253017231623332, 230.80070757865906
0.7502223253250122, 2.5350143914693035e-05, 5061.0, 116.0, 0.8489474125639521, 0.9926995239712757, 0.8980003287097206, 0.5033783912658691, 0.0011414865730330348, 149.0, 79.0, 0.5687022900763359, 0.9906757039882906, 0.5996631469212605, 0.1012880802154541, 2.3490439334385833, 226.95783376693726
0.889415979385376, 3.212474985048175e-05, 6000.0, 147.0, 0.9307376095555728, 0.9850505443084538, 0.9699273061821895, 0.4797297418117523, 0.0008814010070636868, 142.0, 61.0, 0.5691382765531062, 0.9881744308969124, 0.7465896425438345, 0.10103106498718262, 2.292732773405133, 302.75613236427307
0.8852653503417969, 0.0004440645861905068, 5972.0, 2032.0, 0.8097627118644068, 0.9824540605460846, 0.9462037459219085, 0.4324324429035187, 0.0010114437900483608, 128.0, 70.0, 0.5182186234817813, 0.9854562001893235, 0.6862086087451404, 0.11510562896728516, 2.289159059524536, 267.69325041770935
0.9018677473068237, 2.382039383519441e-05, 6084.0, 109.0, 0.9404127057732438, 0.9906310192338843, 0.9662317926067499, 0.6216216087341309, 0.0012281817616894841, 184.0, 85.0, 0.6513274336283187, 0.9916874894559916, 0.687601553975899, 0.09943032264709473, 2.3323623448202055, 231.98676252365112

[2]:
, TPR, FPR, TP, FP, F1, AUC, AP, UW_TPR, UW_FPR, UW_TP, UW_FP, UW_F1, UW_AUC, UW_AP, FwdTime, TPE, tr_time
mean, 0.8671590089797974, 0.00010685616434784606, 5753.6, 40.6, 0.912540827899544, 0.9999472797009641, 0.9932647281910348, 0.8666666626930237, 0.0019959174329414963, 130.0, 17.6, 0.8612445651008377, 0.9991721478793376, 0.9205319996046922, 0.09053974151611328, 2.303263068562358, 252.03893733024597
stderr, 0.09689482056572067, 6.205987321277594e-06, 642.8971612940906, 2.357965224510319, 0.06416617992702542, 2.257481973605782e-05, 0.0029154331753231412, 0.09718253192149215, 0.00020475696397222914, 14.57737973711325, 1.8055470085267786, 0.06258033087771528, 0.00040631741340174, 0.0395778392989086, 0.010741110956062411, 0.01699574915131159, 14.662034756077881

0.5014318227767944, 8.948546019382775e-05, 3327.0, 34.0, 0.6656662665066027, 0.9999140465176425, 0.9893430094631641, 0.5, 0.0017010660376399755, 75.0, 15.0, 0.625, 0.998544643532169, 0.8623569979765215, 0.13338398933410645, 2.253017231623332, 230.80070757865906
0.8343632221221924, 0.00012106855865567923, 5536.0, 46.0, 0.9062781370221823, 0.9998890358892858, 0.9854308240507896, 0.8333333134651184, 0.00249489676207304, 125.0, 22.0, 0.8417508417508417, 0.9979398200650185, 0.7981710571162619, 0.08129739761352539, 2.3490439334385833, 226.95783376693726
1.0, 0.00010001315968111157, 6635.0, 38.0, 0.9971445746919148, 1.0, 1.0, 1.0, 0.0015876615652814507, 150.0, 14.0, 0.9554140127388536, 1.0, 1.0, 0.07884836196899414, 2.292732773405133, 302.75613236427307
1.0, 0.00010264508455293253, 6635.0, 39.0, 0.9970696521151101, 0.999999560883006, 0.9999748579713857, 1.0, 0.0017010660376399755, 150.0, 15.0, 0.9523809523809523, 0.9999810992666515, 0.998896247240618, 0.07738733291625977, 2.289159059524536, 267.69325041770935
1.0, 0.00012106855865567923, 6635.0, 46.0, 0.9965455091619105, 0.9999337552148863, 0.991574949469835, 1.0, 0.00249489676207304, 150.0, 22.0, 0.9316770186335404, 0.9993951765328494, 0.9432356956900598, 0.08178162574768066, 2.3323623448202055, 231.98676252365112

[3]:
, TPR, FPR, TP, FP, F1, AUC, AP, UW_TPR, UW_FPR, UW_TP, UW_FP, UW_F1, UW_AUC, UW_AP, FwdTime, TPE, tr_time
mean, 0.8547465324401855, 0.00012239977695571724, 18782.2, 1266.4, 0.892363795822465, 0.9963824035278407, 0.9615672001161419, 0.6335540771484375, 0.000921382987871766, 287.0, 144.6, 0.6479430781929194, 0.9911294900642279, 0.6696434962731297, 0.2578120708465576, 2.303263068562358, 252.03893733024597
stderr, 0.04671821534492237, 6.429132261998412e-05, 1026.586011983409, 665.1852824589553, 0.03768035670316577, 0.0007061086508742309, 0.016814061407760154, 0.028756949412155338, 6.418290583042552e-05, 13.026895255585652, 10.07273547751553, 0.01885776297685799, 0.0008037253005880139, 0.0416320547520598, 0.015008358510728254, 0.01699574915131159, 14.662034756077881

0.6852644085884094, 0.000337217963533476, 15058.0, 3489.0, 0.7432195651637423, 0.9980922112554734, 0.8960586344543315, 0.5496688485145569, 0.0009876511758193374, 249.0, 155.0, 0.5810968494749125, 0.9929304839016726, 0.5730173366093064, 0.2829923629760742, 2.253017231623332, 230.80070757865906
0.8525985479354858, 2.2423206246457994e-05, 18735.0, 232.0, 0.9152194621528541, 0.9974728101629512, 0.9635366934822387, 0.631346583366394, 0.0009940231684595346, 286.0, 156.0, 0.6391061452513966, 0.9916289688167796, 0.5738522362450221, 0.23233699798583984, 2.3490439334385833, 226.95783376693726
0.8637480735778809, 2.3969634639797732e-05, 18980.0, 248.0, 0.9213144992961507, 0.9951704077121962, 0.985714656188751, 0.6269315481185913, 0.0007455173181369901, 284.0, 117.0, 0.6651053864168618, 0.9901438630015925, 0.7666849663102547, 0.23028206825256348, 2.292732773405133, 302.75613236427307
0.9645035266876221, 0.00020557826792355627, 21194.0, 2127.0, 0.9358207307649851, 0.9943374532356944, 0.9811005394937844, 0.6291390657424927, 0.0007964929100126028, 285.0, 125.0, 0.6604866743916569, 0.9885239195568774, 0.7503969110278543, 0.30395007133483887, 2.289159059524536, 267.69325041770935
0.9076181054115295, 2.2809812435298227e-05, 19944.0, 236.0, 0.9462447217345922, 0.9968391352728883, 0.9814254769616042, 0.7306843400001526, 0.0010832303669303656, 331.0, 170.0, 0.6939203354297694, 0.9924202150442167, 0.684266031173211, 0.23949885368347168, 2.3323623448202055, 231.98676252365112

Namespace(compressed=True, dataset='OPTC', delta=1.0, encoder='GCN', fpweight=0.6, hidden=32, impl='TEDGE', load=False, ngrus=1, nowrite=False, rnn='GRU', te_end=None, tests=5, threads=1, workers=8, zdim=16)

[0]:
, TPR, FPR, TP, FP, F1, AUC, AP, UW_TPR, UW_FPR, UW_TP, UW_FP, UW_F1, UW_AUC, UW_AP, FwdTime, TPE, tr_time
mean, 0.9672054886817932, 1.1612966954999137e-05, 8317.0, 62.6, 0.9792404449983187, 0.9984837163069905, 0.9939087807556142, 0.9435897469520569, 0.0006738563883118331, 36.8, 46.8, 0.6014092207088602, 0.974109582516949, 0.5918535734565469, 0.07676634788513184, 1.873806554479063, 191.58024225234985
stderr, 0.020845456657885415, 6.495522176130948e-07, 179.25010460247995, 3.501428280002319, 0.010926335367945699, 6.362627120491253e-07, 0.0007126751335811353, 0.02051281929016113, 4.423922559906755e-05, 0.7999999999999999, 3.072458299147443, 0.014926250410852876, 3.95158653210677e-05, 0.032316092909051554, 0.0021858883710407164, 0.02444022867367361, 7.950634955428319

0.998488187789917, 1.1130638995382469e-05, 8586.0, 60.0, 0.9957668889533198, 0.9984844949986909, 0.9946561658999479, 0.9743589758872986, 0.0006479388102889061, 38.0, 45.0, 0.6229508196721312, 0.9741607161514724, 0.6224911728076129, 0.08158636093139648, 1.8976781556480808, 191.47697567939758
0.998488187789917, 1.020308627630584e-05, 8586.0, 55.0, 0.9960556844547563, 0.9984849855804162, 0.9952237508512866, 0.9743589758872986, 0.0005903442506678402, 38.0, 41.0, 0.6440677966101694, 0.9741920978044288, 0.6657422620751225, 0.08173465728759766, 1.9320515791575115, 186.99297785758972
0.998488187789917, 1.3727788427786436e-05, 8586.0, 74.0, 0.9949591517469147, 0.998484335246814, 0.9946761472469882, 0.9743589758872986, 0.0007919252384454012, 38.0, 55.0, 0.5757575757575758, 0.974113828269996, 0.5857061266580357, 0.07478523254394531, 1.8022845053410792, 217.00112128257751
0.894290030002594, 1.0574107363936491e-05, 7690.0, 57.0, 0.9409029732044537, 0.9984833677178245, 0.9937741292758079, 0.8717948794364929, 0.0005759456544183195, 34.0, 40.0, 0.6017699115044248, 0.9741189970128359, 0.6119873348562745, 0.07028937339782715, 1.906010154577402, 167.39292097091675
0.9462728500366211, 1.2429213711584453e-05, 8137.0, 67.0, 0.968517526632149, 0.9984813979912075, 0.9912137105040406, 0.9230769276618958, 0.0007631279877386987, 36.0, 53.0, 0.5625, 0.9739622733460116, 0.4733409708856891, 0.07543611526489258, 1.8310083776712418, 195.0372154712677

[1]:
, TPR, FPR, TP, FP, F1, AUC, AP, UW_TPR, UW_FPR, UW_TP, UW_FP, UW_F1, UW_AUC, UW_AP, FwdTime, TPE, tr_time
mean, 0.9071724891662598, 0.00022316877293633298, 6121.6, 1021.2, 0.8828715488656396, 0.9846028094855745, 0.9416518607111071, 0.49632652997970583, 0.0011150140082463623, 121.6, 69.2, 0.5388030426036478, 0.9895197363531795, 0.6172165465150514, 0.07956738471984863, 1.873806554479063, 191.58024225234985
stderr, 0.017142018005066678, 6.537729679255612e-05, 115.67437054075548, 299.1605588977264, 0.027470029531846383, 0.0007523356030565323, 0.01137816387608583, 0.10995133626312334, 5.840794929266213e-05, 26.938077139989037, 3.6249137920783716, 0.08662597376151193, 0.0004856703197309457, 0.05182837960575251, 0.0031417675086087677, 0.02444022867367361, 7.950634955428319

0.8850029706954956, 0.0003282407997176051, 5972.0, 1502.0, 0.839825622275348, 0.9836615905523931, 0.9409508153169546, 0.3265306055545807, 0.0010634526843205094, 80.0, 66.0, 0.40920716112531974, 0.989284316736588, 0.5865246595398357, 0.07090115547180176, 1.8976781556480808, 191.47697567939758
0.9736217856407166, 4.9826165195554495e-05, 6570.0, 228.0, 0.9700280525616418, 0.9830343748073914, 0.9686583276011242, 0.8693877458572388, 0.0010151138994842768, 213.0, 63.0, 0.817658349328215, 0.9903629287105258, 0.7862049690339058, 0.08464241027832031, 1.9320515791575115, 186.99297785758972
0.8852993249893188, 0.00033086322946473956, 5974.0, 1514.0, 0.8392806968249508, 0.9861131757747446, 0.9318587316760376, 0.3306122422218323, 0.001305146492086351, 81.0, 81.0, 0.39803439803439805, 0.9898762527794785, 0.5547132278756322, 0.07418179512023926, 1.8022845053410792, 217.00112128257751
0.9069353938102722, 7.692460349062458e-05, 6120.0, 352.0, 0.9258698940998487, 0.9834909627078214, 0.9619191983829445, 0.6285714507102966, 0.0009990009712055326, 154.0, 62.0, 0.6681127982646421, 0.9903335637371188, 0.672715786670799, 0.08036398887634277, 1.906010154577402, 167.39292097091675
0.8850029706954956, 0.0003299890668131411, 5972.0, 1510.0, 0.8393534785664091, 0.986713943585522, 0.9048722305784748, 0.3265306055545807, 0.0011923559941351414, 80.0, 74.0, 0.40100250626566414, 0.9877416198021859, 0.4859240894550844, 0.08774757385253906, 1.8310083776712418, 195.0372154712677

[2]:
, TPR, FPR, TP, FP, F1, AUC, AP, UW_TPR, UW_FPR, UW_TP, UW_FP, UW_F1, UW_AUC, UW_AP, FwdTime, TPE, tr_time
mean, 1.0, 0.0001105408591683954, 6635.0, 42.0, 0.9968449969326014, 0.9999372176147002, 0.9925568581183299, 1.0, 0.0020528921391814946, 96.0, 17.0, 0.9188304183888869, 0.9989876423942358, 0.8557082788868108, 0.07829780578613281, 1.873806554479063, 191.58024225234985
stderr, 0.0, 3.722103848876266e-06, 0.0, 1.4142135623730951, 0.00010591872682555662, 1.4780997747004983e-05, 0.002061258425453853, 0.0, 0.00017077810820383224, 0.0, 1.4142135623730951, 0.006286090631805363, 0.00024167600646031898, 0.03534214301972421, 0.01916026619800707, 0.02444022867367361, 7.950634955428319

1.0, 0.00011580470891203731, 6635.0, 44.0, 0.9966952080516749, 0.9999282200400581, 0.9921690400199087, 1.0, 0.002294408855959773, 96.0, 19.0, 0.909952606635071, 0.9987219739966993, 0.8156015415372355, 0.15358996391296387, 1.8976781556480808, 191.47697567939758
1.0, 0.00010790893429657444, 6635.0, 41.0, 0.9969198407332281, 0.9999925246976038, 0.9995121425442711, 1.0, 0.00193213380407542, 96.0, 16.0, 0.923076923076923, 0.9997786096687196, 0.9776791721862432, 0.056214332580566406, 1.9320515791575115, 186.99297785758972
1.0, 0.00011843663378385827, 6635.0, 45.0, 0.9966203529853548, 0.9999227808600922, 0.9898115287579448, 1.0, 0.0024151671677827835, 96.0, 20.0, 0.9056603773584906, 0.9990540594936199, 0.8519322861491678, 0.06111550331115723, 1.8022845053410792, 217.00112128257751
1.0, 9.738123480929062e-05, 6635.0, 37.0, 0.9972195085293455, 0.9999373026613881, 0.9939327443661299, 1.0, 0.0014491003239527345, 96.0, 12.0, 0.9411764705882353, 0.9990741858873726, 0.8687830687830687, 0.04929494857788086, 1.906010154577402, 167.39292097091675
1.0, 0.00011317278404021636, 6635.0, 43.0, 0.9967700743634041, 0.9999052598143591, 0.9873588349033944, 1.0, 0.0021736505441367626, 96.0, 18.0, 0.9142857142857143, 0.9983093829247676, 0.7645453257783389, 0.0712742805480957, 1.8310083776712418, 195.0372154712677

[3]:
, TPR, FPR, TP, FP, F1, AUC, AP, UW_TPR, UW_FPR, UW_TP, UW_FP, UW_F1, UW_AUC, UW_AP, FwdTime, TPE, tr_time
mean, 0.9584625959396362, 0.00010861735572689212, 21071.8, 1123.8, 0.9539607646371422, 0.9946426452772998, 0.9803543302008132, 0.6223564982414246, 0.0010002928436733782, 206.0, 129.8, 0.610560058828261, 0.9893615995372611, 0.6165610974293795, 0.16337857246398926, 1.873806554479063, 191.58024225234985
stderr, 0.010455829426266555, 2.9250888742163436e-05, 229.87135532727862, 302.641768432581, 0.009070878648875243, 0.000251048216481253, 0.0038717469266852703, 0.08087991784150496, 5.4405337121679136e-05, 26.771253239248995, 7.059745037889115, 0.057646608621185834, 0.00030156569750370936, 0.048605497277138414, 0.005719457015154751, 0.02444022867367361, 7.950634955428319

0.9640209078788757, 0.00015522287867497653, 21194.0, 1606.0, 0.9464776152729709, 0.9943545621890787, 0.9827548513931462, 0.5015105605125427, 0.0009864212479442358, 166.0, 128.0, 0.5312, 0.9892585011900243, 0.5900318568153977, 0.1839613914489746, 1.8976781556480808, 191.47697567939758
0.9912213087081909, 3.131520134047605e-05, 21792.0, 324.0, 0.9882769098206389, 0.9941122435207841, 0.9879716556585183, 0.9003021121025085, 0.0009170635603368282, 298.0, 119.0, 0.7967914438502675, 0.9898222686190394, 0.7833684258967027, 0.15301847457885742, 1.9320515791575115, 186.99297785758972
0.9641119241714478, 0.00015754252672195435, 21196.0, 1630.0, 0.9460177188636718, 0.9951268325002476, 0.9809596576603783, 0.504531741142273, 0.0011713752755895257, 167.0, 152.0, 0.5138461538461538, 0.9896042422262166, 0.5671824979952795, 0.1527879238128662, 1.8022845053410792, 217.00112128257751
0.9299977421760559, 4.2913423385471106e-05, 20446.0, 444.0, 0.9537492711370262, 0.9942593980788968, 0.9845092631176727, 0.712990939617157, 0.0008631186210550368, 236.0, 112.0, 0.6951399116347571, 0.9898852004722939, 0.6490594041693651, 0.16591095924377441, 1.906010154577402, 167.39292097091675
0.9429610967636108, 0.0001560927485115826, 20731.0, 1615.0, 0.9352823080914032, 0.9953601900974921, 0.9655762231743504, 0.4924471378326416, 0.0010634855134412646, 163.0, 138.0, 0.5158227848101266, 0.9882377851787313, 0.49316330227015187, 0.16121411323547363, 1.8310083776712418, 195.0372154712677

Namespace(compressed=True, dataset='OPTC', delta=1.5, encoder='GCN', fpweight=0.6, hidden=32, impl='TEDGE', load=False, ngrus=1, nowrite=False, rnn='GRU', te_end=None, tests=5, threads=1, workers=8, zdim=16)

[0]:
, TPR, FPR, TP, FP, F1, AUC, AP, UW_TPR, UW_FPR, UW_TP, UW_FP, UW_F1, UW_AUC, UW_AP, FwdTime, TPE, tr_time
mean, 0.8622485876083374, 1.2466320549719967e-05, 7416.2, 67.2, 0.9175293957733001, 0.998248769862182, 0.9898513065966789, 0.8480000019073486, 0.0008131414069794118, 21.2, 49.6, 0.44312532887483885, 0.9596107413357814, 0.4182024439703775, 0.06251468658447265, 1.7529123446357784, 172.40095300674437
stderr, 0.060883835469866594, 7.452822612725026e-07, 523.6618565448509, 4.017461885320133, 0.0356176630986269, 1.030164412953609e-06, 0.0013246288969306714, 0.047999989986419675, 4.683057222952078e-05, 1.2, 2.85657137141714, 0.024040698538942824, 5.361482208935093e-05, 0.04051170261934093, 0.0027224757555488447, 0.0026339320566266954, 7.908038605039244

0.6851528882980347, 1.1687175174301956e-05, 5893.0, 63.0, 0.8096448444047536, 0.9982478059570108, 0.9890179664533807, 0.7200000286102295, 0.000770517042838037, 18.0, 47.0, 0.4, 0.9595681825633627, 0.41190092943273093, 0.05452752113342285, 1.7539016645248622, 166.9087793827057
0.840018630027771, 1.2243707715242635e-05, 7225.0, 66.0, 0.9092625220236598, 0.9982486851108936, 0.9888274333687015, 0.800000011920929, 0.0008033050107769668, 20.0, 49.0, 0.4255319148936171, 0.959576379553428, 0.34007254319597835, 0.06472253799438477, 1.7558727786965567, 168.27010822296143
0.9982560276985168, 1.0203089914284647e-05, 8586.0, 55.0, 0.9959401461547385, 0.9982517205546189, 0.9938537485551064, 0.9599999785423279, 0.0006721531972289085, 24.0, 41.0, 0.5333333333333334, 0.9597698285189677, 0.5558320948613276, 0.05806612968444824, 1.7452408260769314, 201.63497281074524
0.7895593643188477, 1.4098814972385298e-05, 6791.0, 76.0, 0.878070855960693, 0.9982456082987733, 0.9860373862608917, 0.800000011920929, 0.0008688809466548264, 20.0, 53.0, 0.4081632653061224, 0.9594560477392701, 0.3353760038049061, 0.06956171989440918, 1.760395996498339, 153.74700498580933
0.9982560276985168, 1.4098814972385298e-05, 8586.0, 76.0, 0.9947286103226554, 0.9982500293896133, 0.9915199983453136, 0.9599999785423279, 0.0009508508373983204, 24.0, 58.0, 0.44859813084112143, 0.9596832683038787, 0.44783064855694454, 0.06569552421569824, 1.749150457382202, 171.44389963150024

[1]:
, TPR, FPR, TP, FP, F1, AUC, AP, UW_TPR, UW_FPR, UW_TP, UW_FP, UW_F1, UW_AUC, UW_AP, FwdTime, TPE, tr_time
mean, 0.8964730262756347, 0.0001115843842853792, 6049.4, 510.6, 0.9119727245089514, 0.9886000966676012, 0.9593102250144152, 0.4270270347595215, 0.001187102822586894, 94.8, 70.8, 0.484854830624864, 0.9867803317477198, 0.60683449824196, 0.06578669548034669, 1.7529123446357784, 172.40095300674437
stderr, 0.0033287499065006174, 8.407389871871363e-05, 22.462413049358698, 384.7145175321566, 0.02585807555318834, 0.0027182172164369476, 0.0067795393226584635, 0.050711202921980635, 6.077890245878769e-05, 11.257886124845996, 3.6249137920783716, 0.0484097909360609, 0.0020638367300004124, 0.029345493457358186, 0.0009673541867285624, 0.0026339320566266954, 7.908038605039244

0.895080029964447, 1.791993599908892e-05, 6040.0, 82.0, 0.9386169386169386, 0.9822451719483916, 0.974519504945208, 0.4054054021835327, 0.0010395533172413707, 90.0, 62.0, 0.48128342245989303, 0.9816620119390025, 0.6637891476955042, 0.06528210639953613, 1.7539016645248622, 166.9087793827057
0.9051570892333984, 1.7701400793157518e-05, 6108.0, 81.0, 0.9442683775218366, 0.9914757046960765, 0.9731959241493809, 0.5585585832595825, 0.0010563202667981386, 124.0, 63.0, 0.6063569682151588, 0.9890545547979193, 0.6556553178002753, 0.06808590888977051, 1.7558727786965567, 168.27010822296143
0.8999703526496887, 5.2230057917768136e-05, 6073.0, 239.0, 0.9300153139356815, 0.9822736910502916, 0.9535815471035707, 0.4819819927215576, 0.0012407571775838733, 107.0, 74.0, 0.5310173697270472, 0.9823471926848797, 0.6196475020952761, 0.06540679931640625, 1.7452408260769314, 201.63497281074524
0.8850029706954956, 0.0004469057312235236, 5972.0, 2045.0, 0.8089400609549611, 0.9911555758790667, 0.9378982906837807, 0.2522522509098053, 0.0013581261737272143, 56.0, 81.0, 0.3119777158774373, 0.988458420359294, 0.5006357354158405, 0.06262683868408203, 1.760395996498339, 153.74700498580933
0.897154688835144, 2.3164795493357815e-05, 6054.0, 106.0, 0.9380229315153394, 0.9958503397641789, 0.9573558581901365, 0.4369369447231293, 0.0012407571775838733, 97.0, 74.0, 0.49363867684478374, 0.9923794789575041, 0.5944447882029041, 0.06753182411193848, 1.749150457382202, 171.44389963150024

[2]:
, TPR, FPR, TP, FP, F1, AUC, AP, UW_TPR, UW_FPR, UW_TP, UW_FP, UW_F1, UW_AUC, UW_AP, FwdTime, TPE, tr_time
mean, 1.0, 0.00010053954465547577, 6635.0, 38.2, 0.9971297321016174, 0.9999599134975222, 0.9950875163280248, 1.0, 0.0018838304560631514, 78.0, 15.6, 0.9093750399982972, 0.9994606126474258, 0.9048914901556605, 0.056495285034179686, 1.7529123446357784, 172.40095300674437
stderr, 0.0, 6.6270174955229944e-06, 0.0, 2.517935662402834, 0.00018872154730891936, 1.613561298955374e-05, 0.0021153857601072024, 0.0, 0.0001815396328121156, 0.0, 1.5033296378372907, 0.008109101379841345, 0.0002305680230506804, 0.04020153456803066, 0.0018787020450428725, 0.0026339320566266954, 7.908038605039244

1.0, 0.00010001315968111157, 6635.0, 38.0, 0.9971445746919148, 0.9999960693673948, 0.9997575749189457, 1.0, 0.00193213380407542, 78.0, 16.0, 0.9069767441860465, 0.9998792416374833, 0.9862000120858841, 0.0610356330871582, 1.7539016645248622, 166.9087793827057
1.0, 0.00010264508455293253, 6635.0, 39.0, 0.9970696521151101, 0.9999469307080722, 0.9946488760527333, 1.0, 0.002052892232313752, 78.0, 17.0, 0.9017341040462429, 0.9992955762186531, 0.87329546009357, 0.04993081092834473, 1.7558727786965567, 168.27010822296143
1.0, 0.00010790893429657444, 6635.0, 41.0, 0.9969198407332281, 0.9999381531282673, 0.991536423463834, 1.0, 0.00193213380407542, 78.0, 16.0, 0.9069767441860465, 0.9994565873686754, 0.8877661276846431, 0.05584144592285156, 1.7452408260769314, 201.63497281074524
1.0, 0.00011580470891203731, 6635.0, 44.0, 0.9966952080516749, 0.9999188534008708, 0.9895198492332258, 1.0, 0.002294408855959773, 78.0, 19.0, 0.8914285714285715, 0.9986917844060701, 0.7793055555555556, 0.05903220176696777, 1.760395996498339, 153.74700498580933
1.0, 7.632583583472297e-05, 6635.0, 29.0, 0.9978193849161591, 0.9999995608830059, 0.9999748579713857, 1.0, 0.0012075835838913918, 78.0, 10.0, 0.9397590361445783, 0.9999798736062473, 0.9978902953586497, 0.05663633346557617, 1.749150457382202, 171.44389963150024

[3]:
, TPR, FPR, TP, FP, F1, AUC, AP, UW_TPR, UW_FPR, UW_TP, UW_FP, UW_F1, UW_AUC, UW_AP, FwdTime, TPE, tr_time
mean, 0.9140973329544068, 5.9537560446187854e-05, 20101.0, 616.0, 0.9410029343263797, 0.995617790660347, 0.9817908760986039, 0.527999997138977, 0.0011438424466177822, 145.2, 134.0, 0.5220064688514959, 0.9874693347011847, 0.555744383861687, 0.12556056976318358, 1.7529123446357784, 172.40095300674437
stderr, 0.024193296083066324, 3.752811134338818e-05, 532.0105262116531, 388.2812125251491, 0.0174675390809694, 0.0008557450808502518, 0.004416077180285893, 0.04161055206631326, 4.102677785368409e-05, 11.442901729893515, 4.806245936279166, 0.033812890908645324, 0.0011608690136036682, 0.03122745069308851, 0.005065190660992489, 0.0026339320566266954, 7.908038605039244

0.8443838357925415, 1.759064252837561e-05, 18568.0, 182.0, 0.9115365733922434, 0.9936394470120098, 0.9878568424016697, 0.4981818199157715, 0.0010328727075830102, 137.0, 121.0, 0.5140712945590996, 0.9849987622600278, 0.6161595007604804, 0.12732410430908203, 1.7539016645248622, 166.9087793827057
0.9080491065979004, 1.8170554540120065e-05, 19968.0, 188.0, 0.9475632325724862, 0.9965185971501551, 0.9852042295867751, 0.6290909051895142, 0.0011096978560090065, 173.0, 130.0, 0.5986159169550173, 0.9885998173266526, 0.5711877247774525, 0.14191818237304688, 1.7558727786965567, 168.27010822296143
0.968349277973175, 3.257168282289058e-05, 21294.0, 337.0, 0.976318745558332, 0.9936488313493703, 0.9846025018636457, 0.581818163394928, 0.0011096978560090065, 160.0, 130.0, 0.5663716814159292, 0.9847165265058717, 0.5898445960985155, 0.12773418426513672, 1.7452408260769314, 201.63497281074524
0.8822191953659058, 0.00020925133139826357, 19400.0, 2165.0, 0.8908276891286879, 0.9963033856830386, 0.9642843093316943, 0.38545453548431396, 0.0012718845391646028, 106.0, 149.0, 0.4, 0.9881710238476408, 0.435933299773831, 0.1193993091583252, 1.760395996498339, 153.74700498580933
0.967485249042511, 2.010359094128944e-05, 21275.0, 208.0, 0.9787684309801485, 0.9979786921071614, 0.987006497309235, 0.5454545617103577, 0.0011950592743232846, 150.0, 140.0, 0.5309734513274337, 0.9908605435657311, 0.5655967978981556, 0.11142706871032715, 1.749150457382202, 171.44389963150024

Namespace(compressed=True, dataset='OPTC', delta=2.0, encoder='GCN', fpweight=0.6, hidden=32, impl='TEDGE', load=False, ngrus=1, nowrite=False, rnn='GRU', te_end=None, tests=5, threads=1, workers=8, zdim=16)

[0]:
, TPR, FPR, TP, FP, F1, AUC, AP, UW_TPR, UW_FPR, UW_TP, UW_FP, UW_F1, UW_AUC, UW_AP, FwdTime, TPE, tr_time
mean, 0.9266526937484741, 1.2985728790226859e-05, 7961.8, 70.0, 0.9561623255098178, 0.9992943561647143, 0.9900691255457659, 0.8962962985038757, 0.0008573422324843705, 24.2, 51.6, 0.4712106691470005, 0.9625380456387665, 0.3760198195046063, 0.05818881988525391, 1.4659938345151073, 147.80025525093077
stderr, 0.03865441428213133, 6.290964460494982e-07, 332.11871371544237, 3.391164991562634, 0.021471295502875985, 7.526223719543685e-07, 0.0012285231621729947, 0.041242706517292956, 4.804050785349434e-05, 1.1135528725660042, 2.8913664589601917, 0.01876920091651669, 4.9842440027173656e-05, 0.03530297060828503, 0.0006850286063017055, 0.009715539483297909, 5.535506824187943

0.9993016719818115, 1.2614707884495147e-05, 8586.0, 68.0, 0.995709149947814, 0.9992964523978289, 0.9932704322731746, 0.9629629850387573, 0.0008473731577396393, 26.0, 51.0, 0.5, 0.962661736271878, 0.4544933820176852, 0.05928397178649902, 1.480098871808303, 150.57607054710388
0.894902229309082, 1.0945113899651915e-05, 7689.0, 59.0, 0.9411260709914321, 0.9992955629647886, 0.9923242769352512, 0.8888888955116272, 0.0007144518895074725, 24.0, 43.0, 0.5106382978723404, 0.962612198481005, 0.44248002780688955, 0.06008791923522949, 1.4679013877301603, 145.68594217300415
0.9993016719818115, 1.335675005975645e-05, 8586.0, 72.0, 0.9954782608695651, 0.999294349352734, 0.989971553076323, 0.9629629850387573, 0.0008806034456938505, 26.0, 53.0, 0.4905660377358491, 0.9625746605276728, 0.39093595466424275, 0.05657649040222168, 1.4402347287135338, 132.7815239429474
0.9469273686408997, 1.4840832591289654e-05, 8136.0, 80.0, 0.9681104236078057, 0.9992925569490564, 0.9878810901748933, 0.9259259104728699, 0.0010135247139260173, 25.0, 61.0, 0.4424778761061947, 0.9624263548431958, 0.3220991744881261, 0.05821371078491211, 1.492937598508947, 166.6415011882782
0.7928305268287659, 1.3171239515941124e-05, 6812.0, 71.0, 0.8803877221324717, 0.9992928591591638, 0.9868982752691873, 0.7407407164573669, 0.0008307579555548728, 20.0, 50.0, 0.41237113402061853, 0.9624152780700814, 0.27009055854608766, 0.05678200721740723, 1.4487965858145937, 143.3162384033203

[1]:
, TPR, FPR, TP, FP, F1, AUC, AP, UW_TPR, UW_FPR, UW_TP, UW_FP, UW_F1, UW_AUC, UW_AP, FwdTime, TPE, tr_time
mean, 0.9111045241355896, 0.00017076411313610151, 6153.6, 781.4, 0.9048704961325296, 0.9876509956026434, 0.9314099520447752, 0.6596330285072327, 0.0014206728665158153, 143.8, 75.8, 0.6537925810901613, 0.9933374944869013, 0.6746673383247652, 0.06503462791442871, 1.4659938345151073, 147.80025525093077
stderr, 0.03867301605449737, 0.00013407352393093557, 261.19754975879846, 613.5074245679508, 0.05607667305763785, 0.0023544823621907706, 0.04022135101409376, 0.053325566629601175, 0.00014043036752988612, 11.624973118248489, 7.492663077971676, 0.034505949998265804, 0.0010913595518709477, 0.0398901942962824, 0.0039013454663628135, 0.009715539483297909, 5.535506824187943

0.7642878293991089, 0.0007063086959533393, 5162.0, 3232.0, 0.6815421177713229, 0.9839624211025892, 0.7710886873589706, 0.642201840877533, 0.001949208090081811, 140.0, 104.0, 0.606060606060606, 0.9925204554227828, 0.5239173058553581, 0.057259559631347656, 1.480098871808303, 150.57607054710388
0.9016878604888916, 2.2946291210246272e-05, 6090.0, 105.0, 0.9406131747625299, 0.9814342801032242, 0.9588593352701054, 0.5275229215621948, 0.001199512742459774, 115.0, 64.0, 0.5793450881612091, 0.9902323368058332, 0.6721538471052255, 0.07124090194702148, 1.4679013877301603, 145.68594217300415
0.953805148601532, 1.9231176338507794e-05, 6442.0, 88.0, 0.9698885877747665, 0.9877946955204102, 0.9756044961189397, 0.5642201900482178, 0.0011807703413069248, 123.0, 63.0, 0.6089108910891089, 0.9933054862746412, 0.727803908534209, 0.05836224555969238, 1.4402347287135338, 132.7815239429474
0.9680189490318298, 5.288573811412789e-05, 6538.0, 242.0, 0.9661593024974139, 0.9948720513454463, 0.9731244838144829, 0.7844036817550659, 0.00144316372461617, 171.0, 77.0, 0.7339055793991417, 0.9970017341005676, 0.6996662624842406, 0.07712268829345703, 1.492937598508947, 166.6415011882782
0.9677228331565857, 5.244866406428628e-05, 6536.0, 240.0, 0.966149297856615, 0.9901915299415467, 0.9783727576613773, 0.7798165082931519, 0.0013307094341143966, 170.0, 71.0, 0.7407407407407408, 0.9936274598306823, 0.7497953676447925, 0.061187744140625, 1.4487965858145937, 143.3162384033203

[2]:
, TPR, FPR, TP, FP, F1, AUC, AP, UW_TPR, UW_FPR, UW_TP, UW_FP, UW_F1, UW_AUC, UW_AP, FwdTime, TPE, tr_time
mean, 0.9666314959526062, 0.00010475062445038929, 6413.6, 39.8, 0.9788126851910052, 0.999973869246469, 0.9965888434557323, 0.9666666626930237, 0.0018472469178959726, 58.0, 15.6, 0.867458675418608, 0.9994987171896585, 0.8939932791320702, 0.05072345733642578, 1.4659938345151073, 147.80025525093077
stderr, 0.0333685040473938, 3.370508387571822e-06, 221.4, 1.2806248474865696, 0.018275794203219228, 1.9126847973693097e-05, 0.0027747806456520398, 0.03333333730697632, 0.00010981197293645705, 2.0, 0.9273618495495702, 0.022049536418911733, 0.0003255826426256302, 0.0629354564013281, 0.005710642567491819, 0.009715539483297909, 5.535506824187943

0.833157479763031, 0.00011580470891203731, 5528.0, 44.0, 0.9057098386171868, 0.9998986663160078, 0.9855483430550949, 0.8333333134651184, 0.0021314388141036034, 50.0, 18.0, 0.78125, 0.9982238010657194, 0.6523228796442674, 0.04044985771179199, 1.480098871808303, 150.57607054710388
1.0, 0.00010527700942475349, 6635.0, 40.0, 0.9969947407963937, 0.999979450356029, 0.9983485009057189, 1.0, 0.001657785614952445, 60.0, 14.0, 0.8955223880597014, 0.9996052891257154, 0.9052675190915676, 0.07271599769592285, 1.4679013877301603, 145.68594217300415
1.0, 9.474930993746966e-05, 6635.0, 36.0, 0.9972944536299414, 1.0, 1.0, 1.0, 0.0015393723733723164, 60.0, 13.0, 0.9022556390977443, 1.0, 1.0, 0.04860258102416992, 1.4402347287135338, 132.7815239429474
1.0, 0.00010264508455293253, 6635.0, 39.0, 0.9970696521151101, 0.9999964934108155, 0.9997849441638824, 1.0, 0.0018946122145280242, 60.0, 16.0, 0.8823529411764706, 0.9999013222814288, 0.9854450649532616, 0.04841947555541992, 1.492937598508947, 166.6415011882782
1.0, 0.00010527700942475349, 6635.0, 40.0, 0.9969947407963937, 0.9999947361494932, 0.9992624291539653, 1.0, 0.0020130255725234747, 60.0, 17.0, 0.8759124087591241, 0.9997631734754293, 0.9269309319712546, 0.04342937469482422, 1.4487965858145937, 143.3162384033203

[3]:
, TPR, FPR, TP, FP, F1, AUC, AP, UW_TPR, UW_FPR, UW_TP, UW_FP, UW_F1, UW_AUC, UW_AP, FwdTime, TPE, tr_time
mean, 0.9370607733726501, 8.79919643921312e-05, 20614.4, 910.4, 0.9477210785023271, 0.9953480075159465, 0.9784950081689046, 0.7076923012733459, 0.0013440936570987105, 184.0, 142.4, 0.6255973738620833, 0.9905901683384339, 0.6075138356062684, 0.11528239250183106, 1.4659938345151073, 147.80025525093077
stderr, 0.01889883104618811, 6.107234147665782e-05, 415.7555291273947, 631.8788333217057, 0.022189106847910273, 0.000755937131442979, 0.009204425432593024, 0.04320722272289121, 8.199321933854731e-05, 11.233877335986895, 8.686771552193598, 0.022547562291988857, 0.000904437110811064, 0.038175914970621394, 0.0057682424456220035, 0.009715539483297909, 5.535506824187943

0.876448929309845, 0.00033190290560014546, 19281.0, 3434.0, 0.8624144563224047, 0.9942685833363436, 0.9417659691505089, 0.6961538195610046, 0.0016046061646193266, 181.0, 170.0, 0.5924713584288052, 0.9901698631728364, 0.46683465970456467, 0.11093354225158691, 1.480098871808303, 150.57607054710388
0.9279967546463013, 2.0006960767204873e-05, 20415.0, 207.0, 0.9579784613218836, 0.993265617383095, 0.9868324912830361, 0.5961538553237915, 0.0011515408987179399, 155.0, 122.0, 0.5772811918063313, 0.9879394424538132, 0.6196346835478184, 0.10584735870361328, 1.4679013877301603, 145.68594217300415
0.9848629236221313, 1.8847136743715964e-05, 21666.0, 195.0, 0.9879616963064295, 0.9954333797810195, 0.9898051489036682, 0.6346153616905212, 0.001198735204525292, 165.0, 127.0, 0.5978260869565217, 0.9905133469107701, 0.6758749914724197, 0.10174345970153809, 1.4402347287135338, 132.7815239429474
0.9687712788581848, 3.460140942479484e-05, 21312.0, 358.0, 0.976069980993382, 0.99765687030138, 0.9860143530723627, 0.8153846263885498, 0.0014347067335620522, 212.0, 152.0, 0.6794871794871795, 0.9936126691280309, 0.6006978798420546, 0.12963271141052246, 1.492937598508947, 166.6415011882782
0.9272239804267883, 3.460140942479484e-05, 20398.0, 358.0, 0.9541807975675359, 0.9961155867778948, 0.9880570784349466, 0.7961538434028625, 0.001330879284068942, 207.0, 141.0, 0.6809210526315789, 0.9907155200267193, 0.6745269634644848, 0.12825489044189453, 1.4487965858145937, 143.3162384033203

Namespace(compressed=True, dataset='OPTC', delta=2.5, encoder='GCN', fpweight=0.6, hidden=32, impl='TEDGE', load=False, ngrus=1, nowrite=False, rnn='GRU', te_end=None, tests=5, threads=1, workers=8, zdim=16)

[0]:
, TPR, FPR, TP, FP, F1, AUC, AP, UW_TPR, UW_FPR, UW_TP, UW_FP, UW_F1, UW_AUC, UW_AP, FwdTime, TPE, tr_time
mean, 0.8830215096473694, 1.3235209735285025e-05, 7598.4, 71.4, 0.931299951606283, 0.9977681783896648, 0.9810499498588575, 0.8545454621315003, 0.0011103343451395631, 18.8, 54.0, 0.39842950090287765, 0.95404468254532, 0.3889244276320505, 0.04977459907531738, 1.3089400439454113, 130.32045111656188
stderr, 0.0448874023096347, 8.092712029188733e-07, 386.2560808582824, 4.365775990588615, 0.02572720369679632, 1.6687380665147588e-05, 0.008404273138424975, 0.039101475148088476, 9.622371466721328e-05, 0.8602325267042626, 4.679743582719036, 0.01106473100803762, 6.431916897486296e-05, 0.04517512450795134, 0.0026795254415799877, 0.012316290513330986, 6.49383855785371

0.8935502767562866, 1.4273265151132364e-05, 7689.0, 77.0, 0.939343961883819, 0.9977820038962394, 0.9854568261886073, 0.8636363744735718, 0.0012748283334076405, 19.0, 62.0, 0.3689320388349514, 0.9538613091477344, 0.32220482071839857, 0.060182809829711914, 1.3282496613192272, 146.43139696121216
0.9977920055389404, 1.3902531463827472e-05, 8586.0, 75.0, 0.9945557743542223, 0.9977874696510096, 0.9930195792615129, 0.9545454382896423, 0.0012131431140005589, 21.0, 59.0, 0.41176470588235303, 0.9542295513426822, 0.5201554814394578, 0.04616713523864746, 1.2697622157909252, 137.70024418830872
0.7368971705436707, 1.00098222901579e-05, 6341.0, 54.0, 0.8454666666666666, 0.9977015299589904, 0.9478632730205633, 0.7272727489471436, 0.0007402228657156229, 16.0, 36.0, 0.43243243243243246, 0.9540342147468849, 0.32381900593865454, 0.04878830909729004, 1.314740342608953, 108.49626398086548
0.9456130266189575, 1.3902531463827472e-05, 8137.0, 75.0, 0.967711244573943, 0.9977839755730058, 0.987544916723289, 0.9090909361839294, 0.0012131431140005589, 20.0, 59.0, 0.396039603960396, 0.9539631832575042, 0.30289688283169885, 0.048346519470214844, 1.3382614421844483, 134.5710232257843
0.8412550687789917, 1.4087898307479918e-05, 7239.0, 76.0, 0.9094221105527639, 0.9977859128690788, 0.9913651541003146, 0.8181818127632141, 0.0011103342985734344, 18.0, 54.0, 0.38297872340425526, 0.9541351542317945, 0.47554594723204274, 0.045388221740722656, 1.2936865578235035, 124.4033272266388

[1]:
, TPR, FPR, TP, FP, F1, AUC, AP, UW_TPR, UW_FPR, UW_TP, UW_FP, UW_F1, UW_AUC, UW_AP, FwdTime, TPE, tr_time
mean, 0.7953481435775757, 0.0018363135495746974, 5368.6, 8402.8, 0.5886199338651047, 0.98349036402085, 0.7655708723512582, 0.4967136189341545, 0.0030189713230356573, 105.8, 154.2, 0.4443235204019988, 0.983306709624914, 0.42973158822107554, 0.06395473480224609, 1.3089400439454113, 130.32045111656188
stderr, 0.1259977249374743, 0.0007159336010117201, 850.4846618252442, 3276.0455491338944, 0.14211669379070727, 0.002276819399497968, 0.16364026445366547, 0.1496791377402359, 0.0007095446435122037, 31.881656167771457, 36.241412775994256, 0.13291354451420268, 0.002950273220937999, 0.08965750765560553, 0.0006316365716832151, 0.012316290513330986, 6.49383855785371

0.9736296534538269, 5.266715379548259e-05, 6572.0, 241.0, 0.9691071296910713, 0.9829752984571228, 0.9748617420277793, 0.8497652411460876, 0.001683732378296554, 181.0, 86.0, 0.7541666666666665, 0.9867634256702184, 0.6539896256142607, 0.06603360176086426, 1.3282496613192272, 146.43139696121216
0.9068148136138916, 0.0004775009583681822, 6121.0, 2185.0, 0.8130977683315621, 0.9885880657426271, 0.9392444769691224, 0.5821596384048462, 0.0015662626828998327, 124.0, 80.0, 0.594724220623501, 0.99023953616564, 0.5339656908395087, 0.06347942352294922, 1.2697622157909252, 137.70024418830872
0.2948148250579834, 0.0031816642731428146, 1990.0, 14559.0, 0.17082278209365212, 0.9763621441930853, 0.11344443608524854, 0.07511737197637558, 0.003543669357895851, 16.0, 181.0, 0.07804878048780488, 0.9782808354982042, 0.17128936407008083, 0.06428098678588867, 1.314740342608953, 108.49626398086548
0.9173333048820496, 0.0017865310655906796, 6192.0, 8175.0, 0.5864469384855804, 0.9881818368993821, 0.9073824886888817, 0.751173734664917, 0.0028584294486790895, 160.0, 146.0, 0.6165703275529865, 0.98672509635411, 0.5179281371717315, 0.06384515762329102, 1.3382614421844483, 134.5710232257843
0.884148120880127, 0.003683204296976328, 5968.0, 16854.0, 0.40362505072365745, 0.9813444748120327, 0.8929212179852588, 0.22535210847854614, 0.0054427627474069595, 48.0, 278.0, 0.17810760667903525, 0.9745246544363978, 0.2714851234097959, 0.062134504318237305, 1.2936865578235035, 124.4033272266388

[2]:
, TPR, FPR, TP, FP, F1, AUC, AP, UW_TPR, UW_FPR, UW_TP, UW_FP, UW_F1, UW_AUC, UW_AP, FwdTime, TPE, tr_time
mean, 0.866465711593628, 0.00011159362911712378, 5749.0, 42.4, 0.8967593692385897, 0.9999358729726167, 0.9915711774747482, 0.8666666686534882, 0.0021261173766106366, 41.6, 17.6, 0.755343150962792, 0.998940968027704, 0.764817574226825, 0.04577822685241699, 1.3089400439454113, 130.32045111656188
stderr, 0.13353428840637205, 1.7850582971484399e-06, 885.9999999999999, 0.6782329983125267, 0.10010430593749196, 2.1188585062428857e-05, 0.0031437289508473246, 0.13333333134651182, 8.193195962288177e-05, 6.3999999999999995, 0.6782329983125268, 0.09255199036632877, 0.0004332533817432114, 0.08349512464151547, 0.0021270185132231533, 0.012316290513330986, 6.49383855785371

1.0, 0.0001105408591683954, 6635.0, 42.0, 0.996844951923077, 0.9999780905610374, 0.9984213176800607, 1.0, 0.002295240294188261, 48.0, 19.0, 0.8347826086956522, 0.9997986631231377, 0.9385285596503107, 0.053525686264038086, 1.3282496613192272, 146.43139696121216
1.0, 0.0001105408591683954, 6635.0, 42.0, 0.996844951923077, 0.9999092015538077, 0.9878229316569701, 1.0, 0.001932834042236209, 48.0, 16.0, 0.8571428571428571, 0.9986107755496497, 0.6696283446512398, 0.044214487075805664, 1.2697622157909252, 137.70024418830872
0.33232855796813965, 0.00011843663378385827, 2205.0, 45.0, 0.49634214969048956, 0.9998771634668544, 0.9830450100955788, 0.3333333432674408, 0.002295240294188261, 16.0, 19.0, 0.38554216867469876, 0.9975034227269066, 0.5292291615929998, 0.04616594314575195, 1.314740342608953, 108.49626398086548
1.0, 0.00010790893429657444, 6635.0, 41.0, 0.9969198407332281, 0.9999249962787116, 0.9893194461306913, 1.0, 0.0021744382102042437, 48.0, 18.0, 0.8421052631578948, 0.9989329145526296, 0.7161594064618816, 0.04072141647338867, 1.3382614421844483, 134.5710232257843
1.0, 0.0001105408591683954, 6635.0, 42.0, 0.996844951923077, 0.9999899130026727, 0.9992471818104401, 1.0, 0.001932834042236209, 48.0, 16.0, 0.8571428571428571, 0.9998590641861964, 0.9705423987776928, 0.044263601303100586, 1.2936865578235035, 124.4033272266388

[3]:
, TPR, FPR, TP, FP, F1, AUC, AP, UW_TPR, UW_FPR, UW_TP, UW_FP, UW_F1, UW_AUC, UW_AP, FwdTime, TPE, tr_time
mean, 0.8506089746952057, 0.0009294444200349972, 18716.8, 9616.4, 0.7560970634791628, 0.9934049190777309, 0.8465371859792562, 0.5463414579629898, 0.0023688005283474924, 134.4, 231.6, 0.4353778088304187, 0.9848842695553813, 0.39784873690481565, 0.10017480850219726, 1.3089400439454113, 130.32045111656188
stderr, 0.09363316790773078, 0.00036096729027911803, 2060.304210547559, 3734.7105322902867, 0.10010568999141607, 0.0007505535155200545, 0.1117979599884288, 0.13677880217373764, 0.0003868097746973534, 33.64758535170094, 37.8187784043853, 0.1075523253331565, 0.001730088388341991, 0.0673692942797486, 0.0036987333664530143, 0.012316290513330986, 6.49383855785371

0.9496455192565918, 3.585789818316698e-05, 20896.0, 371.0, 0.9658200642462619, 0.9933240784890017, 0.9863778506691709, 0.857723593711853, 0.0016569329891353846, 211.0, 162.0, 0.6817447495961229, 0.9873972139809359, 0.5734410437195342, 0.09243607521057129, 1.3282496613192272, 146.43139696121216
0.970005452632904, 0.0002229761885246262, 21344.0, 2307.0, 0.9350125944584382, 0.9950998083790018, 0.979282351299796, 0.6382113695144653, 0.0015955651178956032, 157.0, 156.0, 0.5617173524150267, 0.9895052176427197, 0.45921654770854214, 0.09360694885253906, 1.2697622157909252, 137.70024418830872
0.4788220226764679, 0.0017102573765441775, 10536.0, 17695.0, 0.4194684980591222, 0.9908854046610267, 0.4019336394882877, 0.14227642118930817, 0.0025263114366680384, 35.0, 247.0, 0.13257575757575757, 0.9831177806976031, 0.1725351589448275, 0.09747028350830078, 1.314740342608953, 108.49626398086548
0.9527358412742615, 0.0009129749378189445, 20964.0, 9446.0, 0.7999389476094173, 0.9947602979518368, 0.945422879829631, 0.7764227390289307, 0.0023319798056036234, 191.0, 228.0, 0.5744360902255639, 0.9849089871778529, 0.44369625410042096, 0.10563206672668457, 1.3382614421844483, 134.5710232257843
0.9018360376358032, 0.0017651556991040707, 19844.0, 18263.0, 0.6602452130225749, 0.9929550059077874, 0.9196692086093947, 0.31707316637039185, 0.0037332132924348116, 78.0, 365.0, 0.22641509433962262, 0.9794921482777951, 0.3403546800507536, 0.11172866821289062, 1.2936865578235035, 124.4033272266388

Namespace(compressed=True, dataset='OPTC', delta=3.0, encoder='GCN', fpweight=0.6, hidden=32, impl='TEDGE', load=False, ngrus=1, nowrite=False, rnn='GRU', te_end=None, tests=5, threads=1, workers=8, zdim=16)

[0]:
, TPR, FPR, TP, FP, F1, AUC, AP, UW_TPR, UW_FPR, UW_TP, UW_FP, UW_F1, UW_AUC, UW_AP, FwdTime, TPE, tr_time
mean, 0.6210110485553741, 1.1724286196113098e-05, 5343.8, 63.2, 0.7327333144655802, 0.997783161902974, 0.9868907426277247, 0.6500000059604645, 0.0009722975664772093, 15.6, 48.4, 0.35562516715538395, 0.957718867393881, 0.3959595374609895, 0.04969987869262695, 1.1941583223953582, 110.81242637634277
stderr, 0.1193143360448654, 6.02267854530507e-07, 1026.6998295509743, 3.246536616149585, 0.10355132771971941, 1.5889977828605238e-06, 0.002366735646307245, 0.07971303194205637, 6.918248510120625e-05, 1.9131126469708992, 3.4438350715445125, 0.04696440488519268, 0.00010626425109843768, 0.053861356630296224, 0.0018997985712447755, 0.006944099808632597, 3.955503432281026

0.9457292556762695, 1.0388607734057587e-05, 8138.0, 56.0, 0.9688671944758618, 0.997788879623622, 0.9946504656055407, 0.9166666865348816, 0.0007432853453792632, 22.0, 37.0, 0.5301204819277109, 0.9581144491987921, 0.6023964245388835, 0.044905900955200195, 1.191164465273841, 102.22165060043335
0.7317838668823242, 1.3913314433011692e-05, 6297.0, 75.0, 0.8408893636909929, 0.9977799076781545, 0.9809274041943192, 0.625, 0.0011651499662548304, 15.0, 58.0, 0.30927835051546393, 0.9575092743258536, 0.2886621120697452, 0.046691179275512695, 1.1790417830149333, 122.15933132171631
0.2145264446735382, 1.0945140274998266e-05, 1846.0, 59.0, 0.35128449096098957, 0.9977805382210514, 0.9832075095462793, 0.4166666567325592, 0.0009240844519808888, 10.0, 46.0, 0.25, 0.9575607518565392, 0.34285762123788205, 0.05011606216430664, 1.2083993102564956, 112.61810231208801
0.5804764628410339, 1.1501673725433648e-05, 4995.0, 62.0, 0.7312252964426877, 0.9977828423500082, 0.9871604674851016, 0.625, 0.0010044396622106433, 15.0, 50.0, 0.33707865168539325, 0.9577005363707588, 0.3754355208694556, 0.050873517990112305, 1.1800206030829479, 101.5780725479126
0.6325392127037048, 1.18726948130643e-05, 5443.0, 64.0, 0.7714002267573696, 0.9977836416420343, 0.9885078663073826, 0.6666666865348816, 0.001024528406560421, 16.0, 51.0, 0.3516483516483516, 0.9577093252174612, 0.37044600858898113, 0.05591273307800293, 1.2121654503485735, 115.4849750995636

[1]:
, TPR, FPR, TP, FP, F1, AUC, AP, UW_TPR, UW_FPR, UW_TP, UW_FP, UW_F1, UW_AUC, UW_AP, FwdTime, TPE, tr_time
mean, 0.9149999976158142, 0.00046049988486629445, 6185.4, 2107.2, 0.8618324173699821, 0.9896476695681148, 0.9352072333109931, 0.5499999940395355, 0.0015323983505368232, 114.4, 69.6, 0.5684823565002061, 0.9871230821733364, 0.6357229493188564, 0.06457672119140626, 1.1941583223953582, 110.81242637634277
stderr, 0.04441609629213159, 0.00043481470632539623, 300.2528267976839, 1989.6672686657935, 0.0805158825387329, 0.0021104715732952356, 0.023810761601908204, 0.0911764601493954, 0.00024104581553946558, 18.96470405780169, 10.94805918873295, 0.07946206546442612, 0.0017744257942295507, 0.02331447724712488, 0.0025429446237907817, 0.006944099808632597, 3.955503432281026

0.9562129974365234, 0.002199568785727024, 6464.0, 10065.0, 0.5551118553823694, 0.9834968730830909, 0.8502887743796869, 0.5865384340286255, 0.002465928439050913, 122.0, 112.0, 0.5520361990950227, 0.9832357413112438, 0.6069328364474951, 0.07261133193969727, 1.191164465273841, 102.22165060043335
0.9594674706459045, 2.250924808322452e-05, 6486.0, 103.0, 0.9717581841336429, 0.9962802950576926, 0.9736463742090353, 0.6394230723381042, 0.0014531363267451525, 133.0, 66.0, 0.6535626535626535, 0.9924774154157783, 0.6857559736255632, 0.06499481201171875, 1.1790417830149333, 122.15933132171631
0.9573964476585388, 1.4204864783096127e-05, 6472.0, 65.0, 0.9734526584943972, 0.9903851105182413, 0.9692727585340298, 0.6057692170143127, 0.0011008608853444457, 126.0, 50.0, 0.65625, 0.9845786857245442, 0.6680470461053396, 0.056937456130981445, 1.2083993102564956, 112.61810231208801
0.7374260425567627, 1.6171692550415173e-05, 4985.0, 74.0, 0.8435569845164566, 0.9907658450813162, 0.9148357173639582, 0.19711539149284363, 0.0012549813836812973, 41.0, 57.0, 0.2679738562091503, 0.985198343373749, 0.5586425096763802, 0.06588935852050781, 1.1800206030829479, 101.5780725479126
0.9644970297813416, 5.0044833187712356e-05, 6520.0, 229.0, 0.9652824043230439, 0.9873102241002334, 0.9679925420682549, 0.7211538553237915, 0.001387084717862308, 150.0, 63.0, 0.7125890736342041, 0.990125225041367, 0.6592363807395037, 0.06245064735412598, 1.2121654503485735, 115.4849750995636

[2]:
, TPR, FPR, TP, FP, F1, AUC, AP, UW_TPR, UW_FPR, UW_TP, UW_FP, UW_F1, UW_AUC, UW_AP, FwdTime, TPE, tr_time
mean, 0.9668726444244384, 0.00010106592962983995, 6415.2, 38.4, 0.9790601587201253, 0.9999574400827937, 0.9955322755673028, 0.9666666626930237, 0.001836192305199802, 40.6, 15.2, 0.8297760267135695, 0.9992993476685189, 0.8291979478387367, 0.04337739944458008, 1.1941583223953582, 110.81242637634277
stderr, 0.033127355575561526, 4.752064078983554e-06, 219.79999999999998, 1.8055470085267786, 0.018047550194850187, 1.5556125174444433e-05, 0.001776367771386297, 0.03333333730697632, 0.00013983856541565024, 1.4, 1.1575836902790224, 0.021611438381817446, 0.00021330309475959495, 0.04786240382418842, 0.002616185583716408, 0.006944099808632597, 3.955503432281026

1.0, 8.948546019382775e-05, 6635.0, 34.0, 0.9974443776307877, 0.9999934195918573, 0.999182133649691, 1.0, 0.0014496254734694958, 42.0, 12.0, 0.8750000000000001, 0.9996979946847064, 0.8888751165352996, 0.043056488037109375, 1.191164465273841, 102.22165060043335
1.0, 9.21173850656487e-05, 6635.0, 35.0, 0.997369409996242, 0.9999969178509092, 0.9998101710165727, 1.0, 0.001570427673868835, 42.0, 13.0, 0.865979381443299, 0.9999194652492551, 0.9844624564714546, 0.0338892936706543, 1.1790417830149333, 122.15933132171631
1.0, 0.0001105408591683954, 6635.0, 42.0, 0.996844951923077, 0.9999380662568836, 0.9946740358930974, 1.0, 0.0020536361262202263, 42.0, 17.0, 0.8316831683168318, 0.9988523798018846, 0.7455637095307651, 0.04565739631652832, 1.2083993102564956, 112.61810231208801
0.8343632221221924, 0.00010001315968111157, 5536.0, 38.0, 0.9068719796871161, 0.9999338040056633, 0.9936949000422689, 0.8333333134651184, 0.001932834042236209, 35.0, 16.0, 0.7526881720430109, 0.9990537166787469, 0.7991269088305004, 0.0497128963470459, 1.1800206030829479, 101.5780725479126
1.0, 0.00011317278404021636, 6635.0, 43.0, 0.9967700743634041, 0.9999249927086546, 0.990300137234884, 1.0, 0.0021744382102042437, 42.0, 18.0, 0.8235294117647058, 0.9989731819280019, 0.7279615478256637, 0.0445709228515625, 1.2121654503485735, 115.4849750995636

[3]:
, TPR, FPR, TP, FP, F1, AUC, AP, UW_TPR, UW_FPR, UW_TP, UW_FP, UW_F1, UW_AUC, UW_AP, FwdTime, TPE, tr_time
mean, 0.8271608233451844, 0.0005944880762399407, 18211.6, 6150.8, 0.8168362496545791, 0.9955095330724333, 0.9536558360216537, 0.5876543164253235, 0.0014617773471400143, 142.8, 139.8, 0.5352750781599176, 0.9872554146463708, 0.5470849811439307, 0.08491001129150391, 1.1941583223953582, 110.81242637634277
stderr, 0.055722733796654024, 0.0005733286593299962, 1226.8474884842044, 5931.876612000624, 0.06173840688993107, 0.0006815413977493182, 0.01863831680541606, 0.08056179151113216, 0.00019504115860647097, 19.576516544063708, 18.653149868051774, 0.06028550117541236, 0.0011008255057372378, 0.021943581073653975, 0.0024444076416943435, 0.006944099808632597, 3.955503432281026

0.9849661588668823, 0.0028877730946987867, 21686.0, 29878.0, 0.5894456449355132, 0.9933803481841803, 0.8823741638815659, 0.6460905075073242, 0.0022271715570241213, 157.0, 213.0, 0.5122349102773246, 0.9849532639944998, 0.5601880782259486, 0.09239864349365234, 1.191164465273841, 102.22165060043335
0.9026206731796265, 2.020029933191836e-05, 19873.0, 209.0, 0.9441079360554884, 0.9975929865868662, 0.9853856850311541, 0.6666666865348816, 0.0013593065086752176, 162.0, 130.0, 0.605607476635514, 0.9901654881491835, 0.6037564294213914, 0.07953143119812012, 1.1790417830149333, 122.15933132171631
0.699686586856842, 1.6044257790781558e-05, 15405.0, 166.0, 0.8196764924976055, 0.995624958359006, 0.9552696868864349, 0.6131687164306641, 0.0011397262569516897, 149.0, 109.0, 0.594810379241517, 0.9854857989041295, 0.5461339334615443, 0.08281874656677246, 1.2083993102564956, 112.61810231208801
0.7047736048698425, 1.6334213796653785e-05, 15517.0, 169.0, 0.8231175238044718, 0.9959219081438219, 0.964329414355837, 0.27572017908096313, 0.0012547444785013795, 67.0, 120.0, 0.3116279069767442, 0.9860112124072027, 0.4686401231954984, 0.08101987838745117, 1.1800206030829479, 101.5780725479126
0.8437570929527283, 3.2088515581563115e-05, 18577.0, 332.0, 0.9078336509798172, 0.9950274640882921, 0.9809202299532768, 0.7366254925727844, 0.0013279379345476627, 179.0, 127.0, 0.6520947176684881, 0.9896613097768391, 0.5567063414152704, 0.08878135681152344, 1.2121654503485735, 115.4849750995636

Namespace(compressed=True, dataset='OPTC', delta=4.0, encoder='GCN', fpweight=0.6, hidden=32, impl='TEDGE', load=False, ngrus=1, nowrite=False, rnn='GRU', te_end=None, tests=5, threads=1, workers=8, zdim=16)

[0]:
, TPR, FPR, TP, FP, F1, AUC, AP, UW_TPR, UW_FPR, UW_TP, UW_FP, UW_F1, UW_AUC, UW_AP, FwdTime, TPE, tr_time
mean, 0.35476826280355456, 2.9681759770028293e-06, 3054.2, 16.0, 0.4672987086503605, 0.997324481468915, 0.9911355666300325, 0.4636363714933395, 0.00018926399934571236, 10.2, 8.0, 0.4878089687468187, 0.9542617736187491, 0.550400867007754, 0.05384540557861328, 0.9727045917945121, 104.88398480415344
stderr, 0.13467224922982257, 4.837534992085392e-07, 1159.393393115555, 2.6076809620810595, 0.14053317801111892, 1.3254883501359292e-06, 0.0015664943289462033, 0.10890135569680157, 2.591604176972465e-05, 2.3958297101421877, 1.0954451150103321, 0.08904666277459554, 9.114136618056878e-05, 0.06474426684682565, 0.0020769958571533356, 0.009134330706014788, 5.098961115738964

0.15588337182998657, 3.8957309698162135e-06, 1342.0, 21.0, 0.2691536301644605, 0.9973245851322621, 0.9921885263335438, 0.3181818127632141, 0.0002129219938069582, 7.0, 9.0, 0.3684210526315789, 0.9543314571822462, 0.6024756019527633, 0.049813270568847656, 0.9994731298307094, 115.93195176124573
0.7366709113121033, 2.5971539798774756e-06, 6342.0, 14.0, 0.8475776812562646, 0.9973277492055936, 0.9951500806760469, 0.7272727489471436, 0.00014194799587130547, 16.0, 6.0, 0.7272727272727273, 0.9544572747274491, 0.7272577536148612, 0.050398826599121094, 0.9854972046964309, 99.70950770378113
0.15588337182998657, 3.8957309698162135e-06, 1342.0, 21.0, 0.2691536301644605, 0.9973230688292816, 0.9884375434041006, 0.3181818127632141, 0.0002602380118332803, 7.0, 11.0, 0.35000000000000003, 0.9541045554554272, 0.3965006436823532, 0.05321931838989258, 0.965824198448795, 117.93026638031006
0.10036008805036545, 1.2985769899387378e-06, 864.0, 7.0, 0.18227848101265823, 0.997320297746636, 0.9866518593078116, 0.22727273404598236, 0.00011829000141005963, 5.0, 5.0, 0.3125, 0.9539927176374692, 0.4048432053724878, 0.061426639556884766, 0.946186821277325, 92.10966372489929
0.6250435709953308, 3.153686975565506e-06, 5381.0, 17.0, 0.7683301206539588, 0.9973267064308011, 0.9932498234286598, 0.7272727489471436, 0.0002129219938069582, 16.0, 9.0, 0.6808510638297872, 0.9544228630911543, 0.6209271304163047, 0.05436897277832031, 0.9665416047193002, 98.738534450531

[1]:
, TPR, FPR, TP, FP, F1, AUC, AP, UW_TPR, UW_FPR, UW_TP, UW_FP, UW_F1, UW_AUC, UW_AP, FwdTime, TPE, tr_time
mean, 0.08928994170855731, 0.00919233980239369, 603.6, 42063.2, 0.010393986655036413, 0.9728526109310971, 0.15107464759415962, 0.020618556067347527, 0.010081785271177068, 4.0, 399.4, 0.01013557987497989, 0.9717600693461351, 0.1884592632500499, 0.0607701301574707, 0.9727045917945121, 104.88398480415344
stderr, 0.08899408372235483, 0.004944600375135631, 601.6, 22625.981957475346, 0.010101078610047913, 0.004613124255889068, 0.10510129842166006, 0.015463917050510643, 0.005286888234478316, 3.0, 209.44536280376323, 0.0039015997971310976, 0.004960302230920329, 0.10441583490253137, 0.0010803032212259149, 0.009134330706014788, 5.098961115738964

0.0002958579862024635, 0.018361864611506462, 2.0, 84022.0, 4.40606274233345e-05, 0.9592908772503572, 0.029553473787836786, 0.005154639016836882, 0.017619144171476364, 1.0, 698.0, 0.0022396416573348264, 0.9623214040354411, 0.07302565930205027, 0.05819344520568848, 0.9994731298307094, 115.93195176124573
0.0002958579862024635, 0.0004943293170072138, 2.0, 2262.0, 0.0004432624113475178, 0.9703283690290733, 0.05707321787964973, 0.005154639016836882, 0.0011106623569503427, 1.0, 44.0, 0.008368200836820083, 0.9729346962801658, 0.10819555677438936, 0.06250333786010742, 0.9854972046964309, 99.70950770378113
0.0002958579862024635, 0.0030437747482210398, 2.0, 13928.0, 0.00019333011116481392, 0.9842862814236624, 0.06572335621432884, 0.005154639016836882, 0.004215468652546406, 1.0, 167.0, 0.005524861878453039, 0.9691033925686591, 0.07845436784105161, 0.06003737449645996, 0.965824198448795, 117.93026638031006
0.4452662765979767, 0.02376386523246765, 3010.0, 108741.0, 0.05079697243293871, 0.968331315114234, 0.032462713918601956, 0.0824742242693901, 0.02716074325144291, 16.0, 1076.0, 0.024883359253499222, 0.9642795059374114, 0.07724772612542415, 0.06399941444396973, 0.946186821277325, 92.10966372489929
0.0002958579862024635, 0.0002978651027660817, 2.0, 1363.0, 0.0004923076923076923, 0.9820262118381593, 0.5705604761703807, 0.005154639016836882, 0.00030290792346931994, 1.0, 12.0, 0.00966183574879227, 0.9901613479089986, 0.6053730062073341, 0.05911707878112793, 0.9665416047193002, 98.738534450531

[2]:
, TPR, FPR, TP, FP, F1, AUC, AP, UW_TPR, UW_FPR, UW_TP, UW_FP, UW_F1, UW_AUC, UW_AP, FwdTime, TPE, tr_time
mean, 0.10016578435897827, 2.210817265222431e-05, 664.6, 8.4, 0.13305305305305304, 0.9999267564754136, 0.9908408585664061, 0.1, 0.0004051864001667127, 3.6, 3.0, 0.1142857142857143, 0.9986268683594455, 0.6488015352414133, 0.03478527069091797, 0.9727045917945121, 104.88398480415344
stderr, 0.10016578435897827, 1.6151531956746944e-05, 664.6, 6.136774397026503, 0.13305305305305304, 9.304886458241035e-06, 0.0019913847905847913, 0.1, 0.00023780142464214065, 3.5999999999999996, 1.760681686165901, 0.11428571428571428, 0.0002004559414811117, 0.04437968640483811, 0.001462491062796495, 0.009134330706014788, 5.098961115738964

0.0, 0.0, 0.0, 0.0, 0.0, 0.9999245738219829, 0.9897486486511304, 0.0, 0.0, 0.0, 0.0, 0.0, 0.9986043580046822, 0.6039483811646368, 0.03396964073181152, 0.9994731298307094, 115.93195176124573
0.0, 2.3687327484367415e-05, 0.0, 9.0, 0.0, 0.9998995243196737, 0.9844228035409576, 0.0, 0.0006753106717951596, 0.0, 5.0, 0.0, 0.9980190887808392, 0.5344322429288031, 0.03278374671936035, 0.9854972046964309, 99.70950770378113
0.0, 0.0, 0.0, 0.0, 0.0, 0.9999557174113557, 0.9960320073803757, 0.0, 0.0, 0.0, 0.0, 0.0, 0.9992571582928147, 0.8019682958232908, 0.0317690372467041, 0.965824198448795, 117.93026638031006
0.5008289217948914, 8.422161045018584e-05, 3323.0, 32.0, 0.6652652652652652, 0.9999184269774123, 0.9900911315461367, 0.5, 0.001215559197589755, 18.0, 9.0, 0.5714285714285715, 0.9987619304880244, 0.6720852247168038, 0.04015088081359863, 0.946186821277325, 92.10966372489929
0.0, 2.6319253265683074e-06, 0.0, 1.0, 0.0, 0.9999355398466443, 0.9939097017134303, 0.0, 0.00013506213144864887, 0.0, 1.0, 0.0, 0.9984918062308662, 0.6315735315735316, 0.035253047943115234, 0.9665416047193002, 98.738534450531

[3]:
, TPR, FPR, TP, FP, F1, AUC, AP, UW_TPR, UW_FPR, UW_TP, UW_FP, UW_F1, UW_AUC, UW_AP, FwdTime, TPE, tr_time
mean, 0.19625539630651473, 0.003983320649422239, 4318.6, 41213.0, 0.19930049306379075, 0.9894460860716736, 0.35948100132281297, 0.06952789723873139, 0.004799810762051493, 16.2, 405.8, 0.06779126744003401, 0.9798202699276131, 0.20629663776367865, 0.0886451244354248, 0.9727045917945121, 104.88398480415344
stderr, 0.056649890897756745, 0.0021509587094126607, 1246.580867814038, 22254.66345510531, 0.08173795002690615, 0.0018358232761697545, 0.14441428130028158, 0.018076771939392087, 0.0024791751244496282, 4.211887937730538, 209.601860678764, 0.021343385969858266, 0.002233416317769755, 0.08651311049813606, 0.0023999419626906126, 0.009134330706014788, 5.098961115738964

0.06112247332930565, 0.007885066792368889, 1345.0, 81582.0, 0.025635649754126476, 0.9842220541041995, 0.13389888585412282, 0.03433476388454437, 0.008232302032411098, 8.0, 696.0, 0.017075773745997863, 0.9748871832736559, 0.1045582582114769, 0.08613228797912598, 0.9994731298307094, 115.93195176124573
0.28834354877471924, 0.00022084990632720292, 6345.0, 2285.0, 0.41423208748163864, 0.9900947105412732, 0.4404420894023438, 0.07296137511730194, 0.0006505411583930254, 17.0, 55.0, 0.11147540983606559, 0.9802102494113274, 0.17220680328676524, 0.09074759483337402, 0.9854972046964309, 99.70950770378113
0.06112247332930565, 0.0013259693514555693, 1345.0, 13719.0, 0.07256737435593082, 0.9931458945922729, 0.24122541838773273, 0.03433476388454437, 0.001987107563763857, 8.0, 168.0, 0.039119804400977995, 0.9802992641499042, 0.11170001768867446, 0.09166884422302246, 0.965824198448795, 117.93026638031006
0.3260168135166168, 0.010386325418949127, 7174.0, 107461.0, 0.10500585480093676, 0.9863046539072065, 0.09650121280508542, 0.1330472081899643, 0.012880714610219002, 31.0, 1089.0, 0.045824094604582415, 0.9760735895783463, 0.09492438139638208, 0.08055973052978516, 0.946186821277325, 92.10966372489929
0.24467167258262634, 9.839177801040933e-05, 5384.0, 1018.0, 0.379061498926321, 0.9934631172134163, 0.8853374001647801, 0.07296137511730194, 0.0002483884454704821, 17.0, 21.0, 0.12546125461254615, 0.9876310632248311, 0.5480937282350946, 0.0941171646118164, 0.9665416047193002, 98.738534450531

