Namespace(compressed=True, dataset='OPTC', delta=0.125, encoder='GCN', fpweight=0.6, hidden=32, impl='TEDGE', load=False, ngrus=1, nowrite=False, rnn='LSTM', te_end=None, tests=5, threads=1, workers=8, zdim=16)

[0]:
, TPR, FPR, TP, FP, F1, AUC, AP, UW_TPR, UW_FPR, UW_TP, UW_FP, UW_F1, UW_AUC, UW_AP, FwdTime, TPE, tr_time
mean, 0.9997665882110596, 1.6584559671173337e-05, 8567.0, 89.4, 0.994693958196067, 0.9997595641107859, 0.9825738078481873, 0.9831932783126831, 0.0005546989094000309, 117.0, 55.4, 0.803235520224072, 0.984324652423398, 0.6431662199738106, 0.35449538230895994, 4.839686802412525, 874.2477042198182
stderr, 0.0, 4.413412754287537e-07, 0.0, 2.3790754506740637, 0.0001373969201022243, 3.011401156553012e-06, 0.0010181918487774148, 0.0, 2.3820769016235032e-05, 0.0, 2.3790754506740637, 0.006602868003012578, 0.0005302818977416081, 0.021694312956950308, 0.009505736255147189, 0.019817889805423535, 65.44398284381194

0.9997665882110596, 1.6881374904187396e-05, 8567.0, 91.0, 0.9946014976490393, 0.9997713198180097, 0.985744282442258, 0.9831932783126831, 0.0005707191303372383, 117.0, 57.0, 0.7986348122866894, 0.9856220097827464, 0.7056003665892165, 0.38941383361816406, 4.806137721904003, 932.5940954685211
0.9997665882110596, 1.7252394172828645e-05, 8567.0, 93.0, 0.9944860409774218, 0.9997568494722341, 0.9833516636977401, 0.9831932783126831, 0.0005907443119212985, 117.0, 59.0, 0.7932203389830509, 0.9834128817436019, 0.6747901995874452, 0.33722472190856934, 4.791074997076959, 1097.1267004013062
0.9997665882110596, 1.7623413441469893e-05, 8567.0, 95.0, 0.9943706111078869, 0.9997549057669833, 0.9795529161744861, 0.9831932783126831, 0.0006107695517130196, 117.0, 61.0, 0.7878787878787878, 0.9835326124362074, 0.5811135547882745, 0.35936498641967773, 4.899146767913318, 844.8509447574615
0.9997665882110596, 1.521178910479648e-05, 8567.0, 82.0, 0.9951213845975143, 0.9997588728346969, 0.9826207087251576, 0.9831932783126831, 0.00048060555127449334, 117.0, 48.0, 0.8239436619718309, 0.9856232298073724, 0.6358829366350104, 0.34572434425354004, 4.834108392033008, 750.0583684444427
0.9997665882110596, 1.5953826732584275e-05, 8567.0, 86.0, 0.994890256648473, 0.9997558726620052, 0.9815994682012947, 0.9831932783126831, 0.0005206560017541051, 117.0, 52.0, 0.8125, 0.9834325283470617, 0.6184440422691064, 0.34074902534484863, 4.8679661331353365, 746.608412027359

[1]:
, TPR, FPR, TP, FP, F1, AUC, AP, UW_TPR, UW_FPR, UW_TP, UW_FP, UW_F1, UW_AUC, UW_AP, FwdTime, TPE, tr_time
mean, 0.9597088098526001, 0.0003014034788066056, 6459.8, 1379.2, 0.8911632184980389, 0.9840874450003219, 0.9316722932510701, 0.9112149477005005, 0.001094425469636917, 585.0, 96.2, 0.8817946471429605, 0.9926230033420872, 0.8466161951820949, 0.32896108627319337, 4.839686802412525, 874.2477042198182
stderr, 0.017522916324720313, 0.00011672939291435871, 117.94676765388698, 534.1450552050444, 0.02866607997934274, 0.00018032602391591682, 0.02080989641948269, 0.048263991315468394, 0.00013176202556867855, 30.985480470697887, 11.58188240313292, 0.02477698913039923, 0.0003489460935895093, 0.018176176692402835, 0.01323228924764298, 0.019817889805423535, 65.44398284381194

0.9838062524795532, 0.0005408741417340934, 6622.0, 2475.0, 0.8367450088450846, 0.9847688443361406, 0.9016250501391688, 0.9922118186950684, 0.0013310579815879464, 637.0, 117.0, 0.9126074498567336, 0.9933226567290073, 0.8496810514165326, 0.30930471420288086, 4.806137721904003, 932.5940954685211
0.9835091233253479, 0.0005104977753944695, 6620.0, 2336.0, 0.8440109644928923, 0.9837794447741911, 0.8652644679797973, 0.9906542301177979, 0.0013879408361390233, 636.0, 122.0, 0.9085714285714286, 0.9923181167355994, 0.8137531254087991, 0.3608870506286621, 4.791074997076959, 1097.1267004013062
0.8911008834838867, 2.2727639588993043e-05, 5998.0, 104.0, 0.9347775266890048, 0.9838458079227496, 0.9565592259305457, 0.7336448431015015, 0.0008759954362176359, 471.0, 77.0, 0.7915966386554621, 0.9916630251028673, 0.824119670665065, 0.3375530242919922, 4.899146767913318, 844.8509447574615
0.9760808348655701, 1.7264264897676185e-05, 6570.0, 79.0, 0.9820627802690582, 0.9841313620035178, 0.9766171815263881, 0.9517133831977844, 0.000705346988979727, 611.0, 62.0, 0.929277566539924, 0.993526699485042, 0.9154521449717273, 0.28849029541015625, 4.834108392033008, 750.0583684444427
0.9640469551086426, 0.00041565357241779566, 6489.0, 1902.0, 0.8582198121941543, 0.9839117659650097, 0.9582955406794512, 0.8878504633903503, 0.001171786105260253, 570.0, 103.0, 0.8669201520912547, 0.9922845186579197, 0.8300749834483507, 0.3485703468322754, 4.8679661331353365, 746.608412027359

[2]:
, TPR, FPR, TP, FP, F1, AUC, AP, UW_TPR, UW_FPR, UW_TP, UW_FP, UW_F1, UW_AUC, UW_AP, FwdTime, TPE, tr_time
mean, 1.0, 0.0004146670107729733, 6521.0, 157.6, 0.9880602569524367, 0.9997764445231748, 0.9735305105639369, 1.0, 0.003253607079386711, 498.0, 33.6, 0.9673680104511035, 0.9984700300183984, 0.9379483281761484, 0.28667850494384767, 4.839686802412525, 874.2477042198182
stderr, 0.0, 1.9689587413525337e-06, 0.0, 0.7483314773547882, 5.6014409132264325e-05, 1.4627378093562908e-05, 0.0022828484442433965, 0.0, 7.24635683187987e-05, 0.0, 0.7483314773547882, 0.0007027507654090781, 0.0002482143403444078, 0.01081074382476861, 0.007664161114377996, 0.019817889805423535, 65.44398284381194

1.0, 0.0004104571999050677, 6521.0, 156.0, 0.9881800272768602, 0.999825921174002, 0.9813918092889209, 1.0, 0.0030986734200268984, 498.0, 32.0, 0.9688715953307393, 0.999193053807172, 0.968783392473187, 0.3028860092163086, 4.806137721904003, 932.5940954685211
1.0, 0.0004209817270748317, 6521.0, 160.0, 0.9878806241478565, 0.9997355595536015, 0.9675149442714308, 1.0, 0.0034860074520111084, 498.0, 36.0, 0.9651162790697675, 0.9977244117362255, 0.9067373459291657, 0.275219202041626, 4.791074997076959, 1097.1267004013062
1.0, 0.0004157194634899497, 6521.0, 158.0, 0.988030303030303, 0.9997640949295659, 0.9711381238439096, 1.0, 0.0032923405524343252, 498.0, 34.0, 0.9669902912621359, 0.9982247183757788, 0.9239270888311384, 0.2919003963470459, 4.899146767913318, 844.8509447574615
1.0, 0.0004157194634899497, 6521.0, 158.0, 0.988030303030303, 0.9997785587120126, 0.9742327638385947, 1.0, 0.0032923405524343252, 498.0, 34.0, 0.9669902912621359, 0.9987734417869016, 0.9526396638600438, 0.26293420791625977, 4.834108392033008, 750.0583684444427
1.0, 0.0004104571999050677, 6521.0, 156.0, 0.9881800272768602, 0.9997780882466923, 0.9733749115768286, 1.0, 0.0030986734200268984, 498.0, 32.0, 0.9688715953307393, 0.9984345243859141, 0.9376541497872068, 0.30045270919799805, 4.8679661331353365, 746.608412027359

[3]:
, TPR, FPR, TP, FP, F1, AUC, AP, UW_TPR, UW_FPR, UW_TP, UW_FP, UW_F1, UW_AUC, UW_AP, FwdTime, TPE, tr_time
mean, 0.9875079989433289, 0.00015044659885461443, 21596.8, 1556.6, 0.9598483132381664, 0.9949983221870969, 0.9625940147233185, 0.9521562218666076, 0.0009039090131409466, 1170.2, 178.4, 0.9074062945091885, 0.9945156348644406, 0.8485453878048901, 0.8948020458221435, 4.839686802412525, 874.2477042198182
stderr, 0.005393080089542271, 5.0660291398018616e-05, 117.94676765388695, 524.1581440748583, 0.009789809616560778, 5.8819189222452317e-05, 0.008471496821924584, 0.025062341381527752, 6.418200224016895e-05, 30.80162333384395, 12.667280686871987, 0.012427238891235284, 0.00024821164464777366, 0.018449102388480652, 0.020987189765823373, 0.019817889805423535, 65.44398284381194

0.9949245452880859, 0.00024868245236575603, 21759.0, 2573.0, 0.9419072767412667, 0.9952182164792542, 0.9605127356696598, 0.9943042993545532, 0.001008284161798656, 1222.0, 199.0, 0.9222641509433963, 0.9950680298366289, 0.8675098365646682, 0.8937416076660156, 4.806137721904003, 932.5940954685211
0.9948331117630005, 0.0002455896174069494, 21757.0, 2541.0, 0.9425142956160112, 0.9948934098466266, 0.9307936001967262, 0.9934906363487244, 0.0010640184627845883, 1221.0, 210.0, 0.9180451127819548, 0.9941808159771054, 0.8078298740774716, 0.8307547569274902, 4.791074997076959, 1097.1267004013062
0.9663923382759094, 2.986509025504347e-05, 21135.0, 309.0, 0.9758969386341598, 0.9949169420642915, 0.9696441126466854, 0.8600488305091858, 0.0008410812588408589, 1057.0, 166.0, 0.8621533442088091, 0.9939245490995617, 0.8231603648592859, 0.9103615283966064, 4.899146767913318, 844.8509447574615
0.9925468564033508, 2.6192361474386416e-05, 21707.0, 271.0, 0.9901021711366539, 0.9950178982961014, 0.9782521258705169, 0.9731488823890686, 0.0006992121343500912, 1196.0, 138.0, 0.9332813109637145, 0.9951472488935129, 0.9110664767139394, 0.8793489933013916, 4.834108392033008, 750.0583684444427
0.9888431429862976, 0.0002019034727709368, 21626.0, 2089.0, 0.94882088406274, 0.9949451442492109, 0.9737674992330041, 0.9397884607315063, 0.0009069490479305387, 1155.0, 179.0, 0.9012875536480686, 0.9942575305153948, 0.8331603868090856, 0.9598033428192139, 4.8679661331353365, 746.608412027359

Namespace(compressed=True, dataset='OPTC', delta=0.25, encoder='GCN', fpweight=0.6, hidden=32, impl='TEDGE', load=False, ngrus=1, nowrite=False, rnn='LSTM', te_end=None, tests=5, threads=1, workers=8, zdim=16)

[0]:
, TPR, FPR, TP, FP, F1, AUC, AP, UW_TPR, UW_FPR, UW_TP, UW_FP, UW_F1, UW_AUC, UW_AP, FwdTime, TPE, tr_time
mean, 0.9997671246528625, 1.4432699390454218e-05, 8586.0, 77.8, 0.9953745608170831, 0.9997737935966382, 0.9928249785166047, 0.9868420958518982, 0.0006804162752814591, 75.0, 61.0, 0.7081293326309526, 0.9883629149056958, 0.6237092758724515, 0.20427403450012208, 3.198732406014597, 443.3298604488373
stderr, 0.0, 6.516667937938534e-07, 0.0, 3.512833614050059, 0.00020270703028096797, 7.652438413092732e-06, 0.0015502525367269418, 0.0, 3.383287204753722e-05, 0.0, 3.03315017762062, 0.010174192360080464, 0.0008278442242094318, 0.057057564973692854, 0.004585727229958603, 0.013096916730831078, 15.766122031793255

0.9997671246528625, 1.2429188245732803e-05, 8586.0, 67.0, 0.9959979119540631, 0.9997928020231559, 0.9971155695598092, 0.9868420958518982, 0.0006134900613687932, 75.0, 55.0, 0.7281553398058253, 0.9905306043493805, 0.8065068111297272, 0.18808794021606445, 3.197239475780063, 400.00750732421875
0.9997671246528625, 1.5582863852614537e-05, 8586.0, 84.0, 0.9950168038011358, 0.9997607810877165, 0.9917687118773695, 0.9868420958518982, 0.0007027250248938799, 75.0, 63.0, 0.7009345794392524, 0.9875917960230578, 0.5816643957058866, 0.20114350318908691, 3.1648965794989405, 410.1005606651306
0.9997671246528625, 1.5953883121255785e-05, 8586.0, 86.0, 0.9949015063731171, 0.9997593942752863, 0.9901817220669233, 0.9868420958518982, 0.0007696512038819492, 75.0, 69.0, 0.6818181818181819, 0.9865685297783393, 0.5355449752102527, 0.20854520797729492, 3.1785738821382874, 470.1655251979828
0.9997671246528625, 1.3542249689635355e-05, 8586.0, 73.0, 0.9956514176378501, 0.999763890307317, 0.9957989477522827, 0.9868420958518982, 0.0005911813350394368, 75.0, 53.0, 0.7352941176470588, 0.9869627485295317, 0.6993290136751937, 0.20885038375854492, 3.2134816760108587, 464.0401568412781
0.9997671246528625, 1.4655312043032609e-05, 8586.0, 79.0, 0.9953051643192489, 0.9997921002897157, 0.9892599413266392, 0.9868420958518982, 0.0007250337512232363, 75.0, 65.0, 0.6944444444444444, 0.990160895848169, 0.4955011836411973, 0.21474313735961914, 3.239470416644834, 472.3355522155762

[1]:
, TPR, FPR, TP, FP, F1, AUC, AP, UW_TPR, UW_FPR, UW_TP, UW_FP, UW_F1, UW_AUC, UW_AP, FwdTime, TPE, tr_time
mean, 0.9194242477416992, 0.0003126804294879548, 6196.0, 1430.8, 0.8660245926348068, 0.9845004728890074, 0.8817849218668211, 0.8381188035011291, 0.001264874334447086, 338.6, 99.6, 0.8029280182521132, 0.9887715808904843, 0.7455300767602075, 0.19612889289855956, 3.198732406014597, 443.3298604488373
stderr, 0.02641703658103818, 0.0001047744291851099, 178.0244365248771, 479.43919322475085, 0.03714893824742534, 0.0005717040854351165, 0.07482903403817084, 0.03253421043684086, 3.693799080513684e-05, 13.143819840518203, 2.9086079144497976, 0.018554981096465237, 0.0006038962311303949, 0.022180416907663928, 0.006072610815594271, 0.013096916730831078, 15.766122031793255

0.8308354616165161, 0.0004799037124030292, 5599.0, 2196.0, 0.7704692445300674, 0.9859608855104398, 0.5834147509282479, 0.8514851331710815, 0.0013080528005957603, 344.0, 103.0, 0.808460634547591, 0.9901704919739526, 0.6938173679570175, 0.20372939109802246, 3.197239475780063, 400.00750732421875
0.973734974861145, 0.0004954197211191058, 6562.0, 2267.0, 0.8430113052415211, 0.9835977461570153, 0.9635548965392021, 0.905940592288971, 0.0013715504901483655, 366.0, 108.0, 0.8337129840546696, 0.9879606302895634, 0.7694603650398404, 0.21625781059265137, 3.1648965794989405, 410.1005606651306
0.9115595817565918, 5.725627124775201e-05, 6143.0, 262.0, 0.9347230675593426, 0.9835633146246271, 0.9447249189418265, 0.7821782231330872, 0.0012699541402980685, 316.0, 100.0, 0.7707317073170732, 0.9876236052036937, 0.7101873330423826, 0.1900627613067627, 3.1785738821382874, 470.1655251979828
0.9072562456130981, 0.0004757515271194279, 6114.0, 2177.0, 0.8135728542914171, 0.9835415304019987, 0.9426552689840699, 0.7450494766235352, 0.00121915596537292, 301.0, 96.0, 0.7515605493133583, 0.9877857758344823, 0.7361594680616426, 0.18655109405517578, 3.2134816760108587, 464.0401568412781
0.973734974861145, 5.5070915550459176e-05, 6562.0, 252.0, 0.968346491551686, 0.9858388877509561, 0.9745747739407594, 0.905940592288971, 0.0011556582758203149, 366.0, 91.0, 0.8501742160278746, 0.9903174011507294, 0.8180258497001545, 0.18404340744018555, 3.239470416644834, 472.3355522155762

[2]:
, TPR, FPR, TP, FP, F1, AUC, AP, UW_TPR, UW_FPR, UW_TP, UW_FP, UW_F1, UW_AUC, UW_AP, FwdTime, TPE, tr_time
mean, 0.9668726444244384, 0.00011791025171987712, 6415.2, 44.8, 0.9785820034438236, 0.9999202664293769, 0.9899124649891347, 0.9666666626930237, 0.002297639148309827, 249.4, 21.8, 0.9414054115201766, 0.9986403878583474, 0.9060558019820117, 0.17496900558471679, 3.198732406014597, 443.3298604488373
stderr, 0.033127355575561526, 2.6840488255711374e-06, 219.79999999999995, 1.0198039027185568, 0.018094624707776653, 1.9850848136742933e-05, 0.002584264520833454, 0.03333333730697632, 0.00010748355622640658, 8.599999999999998, 1.019803902718557, 0.019115197870754944, 0.00033928402885194067, 0.023374774291268014, 0.017426728652713604, 0.013096916730831078, 15.766122031793255

0.8343632221221924, 0.0001237004908034578, 5536.0, 47.0, 0.9062039613684727, 0.9999039896674622, 0.9896518399039205, 0.8333333134651184, 0.00252951099537313, 215.0, 24.0, 0.8651911468812878, 0.9981379988757729, 0.8825472400643051, 0.15734457969665527, 3.197239475780063, 400.00750732421875
1.0, 0.00011843663378385827, 6635.0, 45.0, 0.9966203529853548, 0.9998977896687116, 0.9863084635967916, 1.0, 0.00231871847063303, 258.0, 22.0, 0.9591078066914498, 0.9983312254075324, 0.8808996379056251, 0.24390554428100586, 3.1648965794989405, 410.1005606651306
1.0, 0.0001237004908034578, 6635.0, 47.0, 0.9964706765788091, 0.9999008654710348, 0.9866504667110391, 1.0, 0.00252951099537313, 258.0, 24.0, 0.9555555555555556, 0.9984541877459246, 0.8882606078952553, 0.16704678535461426, 3.1785738821382874, 470.1655251979828
1.0, 0.0001105408591683954, 6635.0, 42.0, 0.996844951923077, 0.9998991260599971, 0.9869766740506768, 1.0, 0.0020025295671075583, 258.0, 19.0, 0.9644859813084112, 0.9982960933108489, 0.8792150246883734, 0.15142369270324707, 3.2134816760108587, 464.0401568412781
1.0, 0.00011317278404021636, 6635.0, 43.0, 0.9967700743634041, 0.9999995612796789, 0.9999748806832455, 1.0, 0.0021079257130622864, 258.0, 20.0, 0.9626865671641791, 0.9999824339516581, 0.9993564993564994, 0.15512442588806152, 3.239470416644834, 472.3355522155762

[3]:
, TPR, FPR, TP, FP, F1, AUC, AP, UW_TPR, UW_FPR, UW_TP, UW_FP, UW_F1, UW_AUC, UW_AP, FwdTime, TPE, tr_time
mean, 0.9651778221130372, 0.00014640793451690116, 21198.2, 1514.8, 0.9491376423902806, 0.9951675129601354, 0.9624700690860427, 0.8960113883018493, 0.001021140906959772, 629.0, 180.6, 0.8318385115074094, 0.9921938939251971, 0.7580687951828597, 0.4981526851654053, 3.198732406014597, 443.3298604488373
stderr, 0.017374467727964204, 4.72168970777005e-05, 381.5953878127984, 488.526498769514, 0.01641382827322497, 0.00018620756449118427, 0.02032328605093594, 0.02005968289143362, 2.2729437799162146e-05, 14.08190328045183, 4.019950248448356, 0.010193410468340882, 0.0004492073485676556, 0.018088126052102, 0.015747028102666285, 0.013096916730831078, 15.766122031793255

0.8979647755622864, 0.00022326533508021384, 19722.0, 2310.0, 0.8965564268666895, 0.9956146736572838, 0.8813866768890181, 0.8632478713989258, 0.0010234025539830327, 606.0, 181.0, 0.813969106783076, 0.9931971662327705, 0.7327648647194404, 0.4730381965637207, 3.197239475780063, 400.00750732421875
0.991849958896637, 0.00022529502166435122, 21784.0, 2331.0, 0.9455271496158687, 0.9948659315302555, 0.9823053712207701, 0.9444444179534912, 0.0010742900194600224, 663.0, 190.0, 0.852733118971061, 0.9916130596933601, 0.7620454280454263, 0.4811983108520508, 3.1648965794989405, 410.1005606651306
0.9727724194526672, 2.551603756728582e-05, 21365.0, 264.0, 0.9802257294916498, 0.9948615127478576, 0.9781591709865579, 0.874643862247467, 0.0010629816679283977, 614.0, 188.0, 0.8164893617021275, 0.9913020044988088, 0.722730781178929, 0.4949812889099121, 3.1785738821382874, 470.1655251979828
0.971451997756958, 0.0002218155568698421, 21336.0, 2295.0, 0.9359126200815896, 0.9948629783716976, 0.9831513737565781, 0.8532763719558716, 0.0009498985018581152, 599.0, 168.0, 0.8155207624234173, 0.9914835899507478, 0.7474575838664239, 0.4819927215576172, 3.2134816760108587, 464.0401568412781
0.991849958896637, 3.614772140281275e-05, 21784.0, 374.0, 0.9874662858956054, 0.9956324684935824, 0.9873477525772895, 0.9444444179534912, 0.0009951317915692925, 663.0, 176.0, 0.8604802076573654, 0.9933736492502983, 0.8253453181040791, 0.5595529079437256, 3.239470416644834, 472.3355522155762

Namespace(compressed=True, dataset='OPTC', delta=0.5, encoder='GCN', fpweight=0.6, hidden=32, impl='TEDGE', load=False, ngrus=1, nowrite=False, rnn='LSTM', te_end=None, tests=5, threads=1, workers=8, zdim=16)

[0]:
, TPR, FPR, TP, FP, F1, AUC, AP, UW_TPR, UW_FPR, UW_TP, UW_FP, UW_F1, UW_AUC, UW_AP, FwdTime, TPE, tr_time
mean, 0.9888500928878784, 1.1427441313571762e-05, 8496.2, 61.6, 0.9907099105916288, 0.9992957054895537, 0.9924405695737993, 0.9674418568611145, 0.0005693736835382879, 41.6, 45.6, 0.6410503486703815, 0.9764728566019238, 0.5283839294149753, 0.13273978233337402, 2.373713829258184, 317.67364206314085
stderr, 0.010451579093933105, 7.795852122202798e-07, 89.8, 4.202380277890139, 0.005480362678470702, 7.71674533418752e-07, 0.0010453503242094163, 0.009302318096160889, 4.5123641990508e-05, 0.39999999999999997, 3.61386219991853, 0.020104852463594523, 3.637114905026898e-05, 0.039430851099533315, 0.00479085528405552, 0.0061880441220852475, 6.98285505481241

0.9993016719818115, 1.3542259694077075e-05, 8586.0, 73.0, 0.9954205553301257, 0.9992955860240436, 0.9927207941063676, 0.9767441749572754, 0.0006867445772513747, 42.0, 55.0, 0.6, 0.9764607768663771, 0.4984551468154556, 0.12789273262023926, 2.3890314837719533, 303.97005105018616
0.947043776512146, 1.2800218428310473e-05, 8137.0, 69.0, 0.9688058102155018, 0.9992933905799949, 0.9892347588121964, 0.930232584476471, 0.0006617720355279744, 40.0, 53.0, 0.5882352941176471, 0.9763542080455684, 0.43179179958062, 0.1370837688446045, 2.3725543748764766, 333.9278483390808
0.9993016719818115, 1.113062444346724e-05, 8586.0, 60.0, 0.9961712495649147, 0.9992955705756381, 0.9920959657410964, 0.9767441749572754, 0.0005493956850841641, 42.0, 44.0, 0.6511627906976744, 0.9764828456140106, 0.5133007856216647, 0.12940430641174316, 2.364722562558723, 314.2293846607208
0.9993016719818115, 9.275520824303385e-06, 8586.0, 50.0, 0.9967494775946135, 0.999298258544218, 0.9958125546785034, 0.9767441749572754, 0.0004744780599139631, 42.0, 38.0, 0.6829268292682928, 0.9765824453566193, 0.672044427174037, 0.14876914024353027, 2.385889621491128, 302.13679242134094
0.9993016719818115, 1.0388583177700639e-05, 8586.0, 56.0, 0.9964024602529883, 0.9992957217238739, 0.9923387745308329, 0.9767441749572754, 0.0004744780599139631, 42.0, 38.0, 0.6829268292682928, 0.9764840071270439, 0.5263274878830984, 0.12054896354675293, 2.3563711035926387, 334.1041338443756

[1]:
, TPR, FPR, TP, FP, F1, AUC, AP, UW_TPR, UW_FPR, UW_TP, UW_FP, UW_F1, UW_AUC, UW_AP, FwdTime, TPE, tr_time
mean, 0.8909279704093933, 0.0002717273135203868, 6010.2, 1243.4, 0.8611231964718676, 0.9862878274341886, 0.8754711261182002, 0.5966216266155243, 0.001083689765073359, 176.6, 75.0, 0.6409188880013694, 0.9886910287281271, 0.7079384662476517, 0.13088536262512207, 2.373713829258184, 317.67364206314085
stderr, 0.03314728546708957, 9.427202932092394e-05, 223.61158288425042, 431.3804121654111, 0.0400538858406707, 0.0022536800072915633, 0.07359783827022265, 0.049681692854209196, 5.30897517617159e-05, 14.705781176122537, 3.674234614174767, 0.03648008535107966, 0.001123529349143285, 0.022443461018334363, 0.0042412411208781016, 0.0061880441220852475, 6.98285505481241

0.955084502696991, 0.00034616058110259473, 6443.0, 1584.0, 0.8722669735327965, 0.982559497049361, 0.9402155604154413, 0.6722972989082336, 0.0012281817616894841, 199.0, 85.0, 0.6862068965517241, 0.9866451591676638, 0.7008676854607586, 0.12433505058288574, 2.3890314837719533, 303.97005105018616
0.9450044631958008, 7.386507058981806e-05, 6375.0, 338.0, 0.9473214949104687, 0.9826223572971884, 0.941646569645899, 0.5574324131011963, 0.0011414865730330348, 165.0, 79.0, 0.6111111111111112, 0.9866924119458147, 0.7012134038856296, 0.12707972526550293, 2.3725543748764766, 333.9278483390808
0.8852653503417969, 0.0004451572604011744, 5972.0, 2037.0, 0.8094883090477804, 0.9826914958306667, 0.9541682071235942, 0.4324324429035187, 0.00104034214746207, 128.0, 72.0, 0.5161290322580645, 0.9872662793631107, 0.7674792796087098, 0.12137365341186523, 2.364722562558723, 314.2293846607208
0.7691965699195862, 0.0004722556914202869, 5189.0, 2161.0, 0.7362372304199771, 0.9911045684815388, 0.5814551685355055, 0.7195945978164673, 0.0010981389787048101, 213.0, 76.0, 0.7282051282051282, 0.9916258118886427, 0.6331644067947011, 0.1381230354309082, 2.385889621491128, 302.13679242134094
0.9000889658927917, 2.1197964088059962e-05, 6072.0, 97.0, 0.9403019744483159, 0.9924612185121883, 0.9598701248705616, 0.6013513803482056, 0.000910299364477396, 178.0, 63.0, 0.6629422718808193, 0.9912254812754033, 0.736967555488459, 0.14351534843444824, 2.3563711035926387, 334.1041338443756

[2]:
, TPR, FPR, TP, FP, F1, AUC, AP, UW_TPR, UW_FPR, UW_TP, UW_FP, UW_F1, UW_AUC, UW_AP, FwdTime, TPE, tr_time
mean, 0.9666616439819335, 0.00011159362911712378, 6413.8, 42.4, 0.9786358746899483, 0.999951840646942, 0.9942870686992394, 0.9666666626930237, 0.002086640987545252, 145.0, 18.4, 0.9242383608667668, 0.9993044530127768, 0.9302896472029116, 0.1333303451538086, 2.373713829258184, 317.67364206314085
stderr, 0.03333835601806641, 2.5787491909205456e-06, 221.2, 0.9797958971132711, 0.01820922291365421, 2.010984567565059e-05, 0.002722950323337463, 0.03333333730697632, 0.00011111317969955063, 5.0, 0.9797958971132711, 0.01937773095030175, 0.00030137040036281963, 0.03156347622993683, 0.01734821280040769, 0.0061880441220852475, 6.98285505481241

1.0, 0.00011580470891203731, 6635.0, 44.0, 0.9966952080516749, 0.999909194017021, 0.9877562596851615, 1.0, 0.002268088050186634, 150.0, 20.0, 0.9375, 0.9988092537990474, 0.8683769303206723, 0.105133056640625, 2.3890314837719533, 303.97005105018616
1.0, 0.00010527700942475349, 6635.0, 40.0, 0.9969947407963937, 0.9999969321311365, 0.9997642214814029, 1.0, 0.0018144703935831785, 150.0, 16.0, 0.9493670886075949, 0.9998676948665608, 0.9897213893154997, 0.1913764476776123, 2.3725543748764766, 333.9278483390808
1.0, 0.00011580470891203731, 6635.0, 44.0, 0.9966952080516749, 0.9999596877112593, 0.996978823522793, 1.0, 0.002268088050186634, 150.0, 20.0, 0.9375, 0.9996408860663794, 0.9736122684039512, 0.10787558555603027, 2.364722562558723, 314.2293846607208
0.833308219909668, 0.00011580470891203731, 5529.0, 44.0, 0.9057994757536042, 0.9999012986379341, 0.987677886729566, 0.8333333134651184, 0.002268088050186634, 125.0, 20.0, 0.847457627118644, 0.9983745369320329, 0.8396944889254008, 0.15559935569763184, 2.385889621491128, 302.13679242134094
1.0, 0.00010527700942475349, 6635.0, 40.0, 0.9969947407963937, 0.9999920907373585, 0.9992581520772738, 1.0, 0.0018144703935831785, 150.0, 16.0, 0.9493670886075949, 0.999829893399864, 0.980043159049034, 0.10666728019714355, 2.3563711035926387, 334.1041338443756

[3]:
, TPR, FPR, TP, FP, F1, AUC, AP, UW_TPR, UW_FPR, UW_TP, UW_FP, UW_F1, UW_AUC, UW_AP, FwdTime, TPE, tr_time
mean, 0.9520888328552246, 0.00012821821437682956, 20921.2, 1326.6, 0.9462189315183872, 0.9955379551897906, 0.9661668274922898, 0.7267108082771301, 0.0008844256866723299, 329.2, 138.8, 0.7139608364075091, 0.9904438507050084, 0.7257583576156702, 0.28423075675964354, 2.373713829258184, 317.67364206314085
stderr, 0.018846660890901666, 4.259624415656834e-05, 414.13637850350693, 440.71879923597544, 0.01668958206608971, 0.0006903773902967009, 0.01764230526259802, 0.028547750731245186, 4.3376040894976464e-05, 12.932130528261768, 6.807348970047004, 0.0184095034438848, 0.0007383700227217127, 0.023131524429726488, 0.002343920605052946, 0.0061880441220852475, 6.98285505481241

0.9859379529953003, 0.00016334146494045854, 21665.0, 1690.0, 0.9559001963422975, 0.9943797294150566, 0.9837568954500113, 0.7836644649505615, 0.00100039504468441, 355.0, 157.0, 0.7357512953367875, 0.9890496822229006, 0.7033009476411284, 0.2921168804168701, 2.3890314837719533, 303.97005105018616
0.9624100923538208, 3.431137156439945e-05, 21148.0, 355.0, 0.9728362122501553, 0.9943900230948833, 0.9820527189505681, 0.7019867300987244, 0.0009557914454489946, 318.0, 150.0, 0.6905537459283388, 0.9891379399640309, 0.7458270156655641, 0.280364990234375, 2.3725543748764766, 333.9278483390808
0.9645035266876221, 0.0002068347530439496, 21194.0, 2140.0, 0.9355522203584357, 0.9944749189689046, 0.9830701405327075, 0.6291390657424927, 0.0008602123125456274, 285.0, 135.0, 0.6529209621993127, 0.9895549224497958, 0.7833881295871221, 0.28153300285339355, 2.364722562558723, 314.2293846607208
0.8785382509231567, 0.00021794969507027417, 19305.0, 2255.0, 0.8868930031699361, 0.9970389720561899, 0.8956534164707616, 0.7792494297027588, 0.000853840378113091, 353.0, 134.0, 0.7510638297872341, 0.9923479363920854, 0.6484021140358743, 0.2870759963989258, 2.385889621491128, 302.13679242134094
0.9690543413162231, 1.8653787265066057e-05, 21294.0, 193.0, 0.979913025471112, 0.9974061324139186, 0.9863009660574006, 0.7395143508911133, 0.0007518892525695264, 335.0, 118.0, 0.739514348785872, 0.9921287724962293, 0.747873581148662, 0.2800629138946533, 2.3563711035926387, 334.1041338443756

Namespace(compressed=True, dataset='OPTC', delta=1.0, encoder='GCN', fpweight=0.6, hidden=32, impl='TEDGE', load=False, ngrus=1, nowrite=False, rnn='LSTM', te_end=None, tests=5, threads=1, workers=8, zdim=16)

[0]:
, TPR, FPR, TP, FP, F1, AUC, AP, UW_TPR, UW_FPR, UW_TP, UW_FP, UW_F1, UW_AUC, UW_AP, FwdTime, TPE, tr_time
mean, 0.998488187789917, 1.2206601059006062e-05, 8586.0, 65.8, 0.9954321833983549, 0.9984823423394553, 0.9925692920124867, 0.9743589758872986, 0.0006968942121602595, 38.0, 48.4, 0.6067613974622534, 0.9740329374445513, 0.5211098174437113, 0.09146633148193359, 1.947837631821794, 236.85196080207825
stderr, 0.0, 4.744143650797194e-07, 0.0, 2.5573423705088842, 0.00014755243203958855, 6.092669683412182e-07, 0.0006683125134513314, 0.0, 3.108239451891941e-05, 0.0, 2.15870331449229, 0.010180915900832322, 4.139789390338807e-05, 0.03152199037368887, 0.0027605943693401283, 0.02565600063172273, 8.648226082406229

0.998488187789917, 1.3356767340155784e-05, 8586.0, 72.0, 0.9950744625369415, 0.9984826514555615, 0.9929538019820007, 0.9743589758872986, 0.0007199320243671536, 38.0, 50.0, 0.5984251968503937, 0.9740639868211826, 0.5190669866832928, 0.1022176742553711, 1.8867685121648452, 213.37239456176758
0.998488187789917, 1.3356767340155784e-05, 8586.0, 72.0, 0.9950744625369415, 0.9984810674202411, 0.9917132161715453, 0.9743589758872986, 0.0008063238929025829, 38.0, 56.0, 0.5714285714285714, 0.9739233231767537, 0.4781904945540776, 0.08733868598937988, 2.040634957755484, 219.26691436767578
0.998488187789917, 1.1687171536323149e-05, 8586.0, 63.0, 0.9955936920222636, 0.9984816704862723, 0.9917851185583333, 0.9743589758872986, 0.0006767361192032695, 38.0, 47.0, 0.6129032258064516, 0.9739835021112468, 0.4758286737021244, 0.09088015556335449, 1.9348540084878194, 245.29520058631897
0.998488187789917, 1.1316149539197795e-05, 8586.0, 61.0, 0.9957091499478139, 0.9984845595250733, 0.9950204485311379, 0.9743589758872986, 0.0006479388102889061, 38.0, 45.0, 0.6229508196721312, 0.9741699460494007, 0.6433812158700198, 0.08766674995422363, 1.9229803133492518, 249.165953874588
0.998488187789917, 1.1316149539197795e-05, 8586.0, 61.0, 0.9957091499478139, 0.9984817628101288, 0.9913738748194163, 0.9743589758872986, 0.0006335402140393853, 38.0, 44.0, 0.628099173553719, 0.9740239290641733, 0.489081716409042, 0.08922839164733887, 1.9539503673515697, 257.1593406200409

[1]:
, TPR, FPR, TP, FP, F1, AUC, AP, UW_TPR, UW_FPR, UW_TP, UW_FP, UW_F1, UW_AUC, UW_AP, FwdTime, TPE, tr_time
mean, 0.9069650173187256, 0.0005224754218943417, 6120.2, 2390.8, 0.8031679001884948, 0.983690924794824, 0.942474103232384, 0.49306122660636903, 0.0014404949732124805, 120.8, 89.4, 0.5270452110749915, 0.9885861472299918, 0.6046248134003606, 0.08983259201049805, 1.947837631821794, 236.85196080207825
stderr, 0.01153543507072822, 6.839324137768163e-05, 77.84112023859882, 312.9612436069361, 0.009948623930463243, 0.000916296116696426, 0.005316004035481574, 0.04462626675005527, 0.00017276173060404998, 10.933434958877289, 10.721940122944169, 0.03071835735634833, 0.0004550858160296051, 0.01857903551572587, 0.002509423153526004, 0.02565600063172273, 8.648226082406229

0.8995257616043091, 0.00047706367331556976, 6070.0, 2183.0, 0.809279381374575, 0.9822167672312716, 0.9492432177066673, 0.5265306234359741, 0.001305146492086351, 129.0, 81.0, 0.567032967032967, 0.9872244608584304, 0.6358870383866546, 0.08114743232727051, 1.8867685121648452, 213.37239456176758
0.8873740434646606, 0.00044712427188642323, 5988.0, 2046.0, 0.8101745365985659, 0.9832846040470886, 0.9441663963475584, 0.359183669090271, 0.0011440173257142305, 88.0, 71.0, 0.4356435643564356, 0.9892958588481958, 0.5900692256360105, 0.09217190742492676, 2.040634957755484, 219.26691436767578
0.9515411853790283, 0.0007950332947075367, 6421.0, 3638.0, 0.7640863925745225, 0.9830272591478468, 0.9471410890389889, 0.563265323638916, 0.002110792323946953, 138.0, 131.0, 0.5369649805447471, 0.9878069922177888, 0.5388306842700151, 0.08737015724182129, 1.9348540084878194, 245.29520058631897
0.9045643210411072, 0.0004451574641279876, 6104.0, 2037.0, 0.8199341795956747, 0.9872843054636912, 0.9216173368169862, 0.5959183573722839, 0.0014018239453434944, 146.0, 87.0, 0.6108786610878661, 0.9895783281892564, 0.6196616931862738, 0.0939340591430664, 1.9229803133492518, 249.165953874588
0.8918197751045227, 0.0004479984054341912, 6018.0, 2050.0, 0.8123650107991361, 0.9826416880842224, 0.9502024762517195, 0.4204081594944, 0.001240694778971374, 103.0, 77.0, 0.48470588235294115, 0.9890250960362876, 0.6386754255228485, 0.09453940391540527, 1.9539503673515697, 257.1593406200409

[2]:
, TPR, FPR, TP, FP, F1, AUC, AP, UW_TPR, UW_FPR, UW_TP, UW_FP, UW_F1, UW_AUC, UW_AP, FwdTime, TPE, tr_time
mean, 1.0, 0.00010422423947602511, 6635.0, 39.6, 0.9970247638532561, 0.9999623560510926, 0.9952196041546273, 1.0, 0.0019804371520876886, 96.0, 16.4, 0.9213780621666444, 0.9994726884836777, 0.9211970413866892, 0.06981201171875, 1.947837631821794, 236.85196080207825
stderr, 0.0, 4.292539562103063e-06, 0.0, 1.630950643030009, 0.00012216514727423367, 1.79402611369535e-05, 0.002466895634436123, 0.0, 0.0001119866928268486, 0.0, 0.9273618495495702, 0.0040945310573887676, 0.0002392756520855441, 0.03434366176373197, 0.0021084824442056394, 0.02565600063172273, 8.648226082406229

1.0, 0.00011580470891203731, 6635.0, 44.0, 0.9966952080516749, 0.9999126970361487, 0.988662162452016, 1.0, 0.002294408855959773, 96.0, 19.0, 0.909952606635071, 0.9986515316185646, 0.8137054434926776, 0.06567263603210449, 1.8867685121648452, 213.37239456176758
1.0, 0.00011317278404021636, 6635.0, 43.0, 0.9967700743634041, 0.9999249887419249, 0.9897481414969233, 1.0, 0.0021736505441367626, 96.0, 18.0, 0.9142857142857143, 0.9992150706436421, 0.8695118110050789, 0.06534934043884277, 2.040634957755484, 219.26691436767578
1.0, 9.474930993746966e-05, 6635.0, 36.0, 0.9972944536299414, 0.999996944031326, 0.9998201368016645, 1.0, 0.0016906170640140772, 96.0, 14.0, 0.9320388349514563, 0.999919494424989, 0.9928918817807707, 0.07543277740478516, 1.9348540084878194, 245.29520058631897
1.0, 0.00010001315968111157, 6635.0, 38.0, 0.9971445746919148, 0.9999872509302725, 0.9988356005657142, 1.0, 0.00193213380407542, 96.0, 16.0, 0.923076923076923, 0.999738356881214, 0.9508448424947707, 0.06848955154418945, 1.9229803133492518, 249.165953874588
1.0, 9.738123480929062e-05, 6635.0, 37.0, 0.9972195085293455, 0.9999898995157912, 0.9990319794568183, 1.0, 0.0018113754922524095, 96.0, 15.0, 0.927536231884058, 0.9998389888499779, 0.979031228160148, 0.07411575317382812, 1.9539503673515697, 257.1593406200409

[3]:
, TPR, FPR, TP, FP, F1, AUC, AP, UW_TPR, UW_FPR, UW_TP, UW_FP, UW_F1, UW_AUC, UW_AP, FwdTime, TPE, tr_time
mean, 0.9706254243850708, 0.0002442585653625429, 21339.2, 2527.2, 0.9309406275130178, 0.994330477691378, 0.9771313175870672, 0.6235649466514588, 0.0011914119822904468, 206.4, 154.6, 0.595319419818946, 0.9886255483022113, 0.6061961159039916, 0.1976832389831543, 1.947837631821794, 236.85196080207825
stderr, 0.0035877583998010537, 2.9481530302505706e-05, 78.87673928351754, 305.0280970664833, 0.004297688264609503, 0.000299044830255682, 0.002445536939517134, 0.03304809817129262, 8.088434208786844e-05, 10.938921336219583, 10.49571341072154, 0.020572094212566346, 0.0003336398151962509, 0.00790607046522198, 0.0041049783746632896, 0.02565600063172273, 8.648226082406229

0.9684785008430481, 0.0002221059548901394, 21292.0, 2298.0, 0.934371914426769, 0.9938541946742061, 0.9797911908386335, 0.6495468020439148, 0.0011405496625229716, 215.0, 148.0, 0.6195965417867435, 0.987442604077714, 0.5997669856947278, 0.19740843772888184, 1.8867685121648452, 213.37239456176758
0.9647486805915833, 0.00021041108993813396, 21210.0, 2177.0, 0.9349378471303889, 0.9941844758498339, 0.9700426675791602, 0.5256797671318054, 0.0011713752755895257, 174.0, 152.0, 0.5296803652968037, 0.9890471218723416, 0.5843271428951301, 0.19756531715393066, 2.040634957755484, 219.26691436767578
0.9844439625740051, 0.0003616712347138673, 21643.0, 3742.0, 0.9137850960523538, 0.9941104161434997, 0.9819258097948275, 0.6737160086631775, 0.0014950447948649526, 223.0, 194.0, 0.5962566844919787, 0.9884327970924783, 0.5983088482389285, 0.19217681884765625, 1.9348540084878194, 245.29520058631897
0.9700250029563904, 0.00021968966757413, 21326.0, 2273.0, 0.9356791856791856, 0.9955057043876936, 0.9725192892631593, 0.7009063363075256, 0.0011405496625229716, 232.0, 148.0, 0.6526019690576652, 0.98938270021747, 0.6216778834884121, 0.21265792846679688, 1.9229803133492518, 249.165953874588
0.9654309749603271, 0.00020741487969644368, 21225.0, 2146.0, 0.9359290942763911, 0.9939975974016567, 0.9813776304595552, 0.5679758191108704, 0.0010095405159518123, 188.0, 131.0, 0.5784615384615385, 0.9888225182510524, 0.6268997192027597, 0.18860769271850586, 1.9539503673515697, 257.1593406200409

Namespace(compressed=True, dataset='OPTC', delta=1.5, encoder='GCN', fpweight=0.6, hidden=32, impl='TEDGE', load=False, ngrus=1, nowrite=False, rnn='LSTM', te_end=None, tests=5, threads=1, workers=8, zdim=16)

[0]:
, TPR, FPR, TP, FP, F1, AUC, AP, UW_TPR, UW_FPR, UW_TP, UW_FP, UW_F1, UW_AUC, UW_AP, FwdTime, TPE, tr_time
mean, 0.8726659655570984, 5.2128511924820486e-05, 7505.8, 281.0, 0.9081477376178796, 0.9982445324250155, 0.9880505360563261, 0.8559999942779541, 0.0009246204746887088, 21.4, 56.4, 0.41731164551656397, 0.9595959867536641, 0.4413914255559167, 0.0705301284790039, 1.7707595556334634, 179.13432216644287
stderr, 0.07879904195505133, 3.837727608906153e-05, 677.7504998153818, 206.87363292599662, 0.048333828643925054, 4.659178926456398e-06, 0.003196679748400451, 0.06764613139051016, 7.974285319742224e-05, 1.6911534525287761, 4.864154602806123, 0.028949586256893412, 7.493583411223688e-05, 0.05755469615542844, 0.0034008054733598624, 0.010060828166677636, 8.318029325573749

0.9460527896881104, 0.00020554587536025792, 8137.0, 1108.0, 0.9119130337330493, 0.9982266344083464, 0.9769330785487561, 0.9200000166893005, 0.0009508508373983204, 23.0, 58.0, 0.43396226415094336, 0.9595026066428407, 0.3077271085978028, 0.0829319953918457, 1.7602693769666884, 148.5788345336914
0.8418788313865662, 9.090025741897989e-06, 7241.0, 49.0, 0.9113334591907368, 0.9982510694445526, 0.9934454760024378, 0.8399999737739563, 0.0006393652292899787, 21.0, 39.0, 0.49411764705882355, 0.9597232696153971, 0.5331171305089994, 0.06726694107055664, 1.7719024576638873, 175.4695703983307
0.5788861513137817, 1.3356771887629293e-05, 4979.0, 72.0, 0.7294169352475828, 0.998244883187162, 0.9861345836282097, 0.6000000238418579, 0.0009016689145937562, 15.0, 55.0, 0.3157894736842105, 0.9593652250893471, 0.33738385457371206, 0.06970691680908203, 1.7398280952034928, 185.24757623672485
0.9982560276985168, 1.6139432773343287e-05, 8586.0, 87.0, 0.9940951719346994, 0.9982477624964706, 0.9888015464647871, 0.9599999785423279, 0.0010164267150685191, 24.0, 62.0, 0.43243243243243235, 0.9596085117544837, 0.41817879194449514, 0.07034754753112793, 1.7994168940044584, 194.66274189949036
0.9982560276985168, 1.651045386097394e-05, 8586.0, 89.0, 0.9939800879833296, 0.9982523125885465, 0.9949379956374397, 0.9599999785423279, 0.0011147906770929694, 24.0, 68.0, 0.4102564102564102, 0.9597803206662513, 0.6105502421545742, 0.06239724159240723, 1.7823809543287898, 191.71288776397705

[1]:
, TPR, FPR, TP, FP, F1, AUC, AP, UW_TPR, UW_FPR, UW_TP, UW_FP, UW_F1, UW_AUC, UW_AP, FwdTime, TPE, tr_time
mean, 0.9527860164642334, 0.00042417801450937985, 6429.4, 1941.0, 0.8505295745931034, 0.9845351335425591, 0.9602842050318612, 0.6837837815284729, 0.0014822018565610051, 151.8, 88.4, 0.6510276019553205, 0.9859974946190805, 0.6408254696787233, 0.07916979789733887, 1.7707595556334634, 179.13432216644287
stderr, 0.013193466622741372, 2.1672982777983958e-05, 89.02954565760739, 99.17358519283246, 0.009295535709788293, 0.0009654059760872412, 0.004087943830449003, 0.0646737725547866, 0.0001153880666140293, 14.35757639715004, 6.881860213634101, 0.03295073424265819, 0.0014488496058615216, 0.01501204920008579, 0.0037577545656676935, 0.010060828166677636, 8.318029325573749

0.9589508175849915, 0.0003627694386523217, 6471.0, 1660.0, 0.8698165199274145, 0.9834715889638009, 0.9666742850481547, 0.6261261105537415, 0.00140842713881284, 139.0, 84.0, 0.6247191011235955, 0.9845284873411498, 0.6029971373830185, 0.07502341270446777, 1.7602693769666884, 148.5788345336914
0.9014523029327393, 0.00044187941239215434, 6083.0, 2022.0, 0.8190937857671852, 0.9866537349121861, 0.9555688716354738, 0.5045045018196106, 0.001123388297855854, 112.0, 67.0, 0.5586034912718204, 0.9880426821080064, 0.6890314275553633, 0.06857752799987793, 1.7719024576638873, 175.4695703983307
0.9590989947319031, 0.0004501837829593569, 6472.0, 2060.0, 0.8471204188481675, 0.9828677915918056, 0.9715710778797298, 0.630630612373352, 0.001425194088369608, 140.0, 85.0, 0.6263982102908278, 0.9829311672800212, 0.659000138167482, 0.08378744125366211, 1.7398280952034928, 185.24757623672485
0.9696206450462341, 0.00038571571349166334, 6543.0, 1765.0, 0.8691551540913922, 0.9825992793116585, 0.9483370018220727, 0.7882882952690125, 0.0017940677935257554, 175.0, 107.0, 0.6944444444444444, 0.9838411163129058, 0.6292419051997016, 0.09057402610778809, 1.7994168940044584, 194.66274189949036
0.9748073220252991, 0.00048034172505140305, 6578.0, 2198.0, 0.8474619943313579, 0.987083272933344, 0.9592697887738751, 0.869369387626648, 0.0016599319642409682, 193.0, 99.0, 0.7509727626459143, 0.9906440200533191, 0.6238567400880514, 0.07788658142089844, 1.7823809543287898, 191.71288776397705

[2]:
, TPR, FPR, TP, FP, F1, AUC, AP, UW_TPR, UW_FPR, UW_TP, UW_FP, UW_F1, UW_AUC, UW_AP, FwdTime, TPE, tr_time
mean, 1.0, 0.00011580471036722883, 6635.0, 44.0, 0.9966952485432607, 0.9999646469962483, 0.995685883377124, 1.0, 0.002366863889619708, 78.0, 19.6, 0.8884588885168219, 0.9996014974036951, 0.9250734378237244, 0.06585707664489746, 1.7707595556334634, 179.13432216644287
stderr, 0.0, 3.531098568515445e-06, 0.0, 1.3416407864998738, 0.00010045628219751038, 1.3321655051517096e-05, 0.0018760431206481432, 0.0, 9.810455068428446e-05, 0.0, 0.812403840463596, 0.004117881403567013, 0.0001239694368186853, 0.025890663772888293, 0.0018592328440801842, 0.010060828166677636, 8.318029325573749

1.0, 0.00011580470891203731, 6635.0, 44.0, 0.9966952080516749, 0.9999390269988525, 0.991705248309111, 1.0, 0.002294408855959773, 78.0, 19.0, 0.8914285714285715, 0.9994968401561809, 0.8971742173566915, 0.06226515769958496, 1.7602693769666884, 148.5788345336914
1.0, 0.00010264508455293253, 6635.0, 39.0, 0.9970696521151101, 0.9999618678259831, 0.99694271819686, 1.0, 0.002052892232313752, 78.0, 17.0, 0.9017341040462429, 0.9997182304874612, 0.9592130682830641, 0.0649256706237793, 1.7719024576638873, 175.4695703983307
1.0, 0.00011843663378385827, 6635.0, 45.0, 0.9966203529853548, 0.999997358157922, 0.9998488528990344, 1.0, 0.0024151671677827835, 78.0, 20.0, 0.8863636363636364, 0.9999396208187417, 0.9938271604938271, 0.0660707950592041, 1.7398280952034928, 185.24757623672485
1.0, 0.0001237004908034578, 6635.0, 47.0, 0.9964706765788091, 0.9999925401678502, 0.9991256104118695, 1.0, 0.002656684024259448, 78.0, 22.0, 0.8764044943820225, 0.9996578513062029, 0.9318680986746675, 0.07280945777893066, 1.7994168940044584, 194.66274189949036
1.0, 0.00011843663378385827, 6635.0, 45.0, 0.9966203529853548, 0.9999324418306339, 0.9908069870687449, 1.0, 0.0024151671677827835, 78.0, 20.0, 0.8863636363636364, 0.9991949442498893, 0.8432846443103714, 0.06321430206298828, 1.7823809543287898, 191.71288776397705

[3]:
, TPR, FPR, TP, FP, F1, AUC, AP, UW_TPR, UW_FPR, UW_TP, UW_FP, UW_F1, UW_AUC, UW_AP, FwdTime, TPE, tr_time
mean, 0.9354160904884339, 0.00022065624652896078, 20569.8, 2283.0, 0.9163430498807672, 0.994467810323379, 0.9757846767861352, 0.731636357307434, 0.001401633839122951, 201.2, 164.2, 0.6251591006418665, 0.9877727804295852, 0.596824432697414, 0.14664154052734374, 1.7707595556334634, 179.13432216644287
stderr, 0.03205165861794444, 1.2536645498712234e-05, 704.8159617942829, 129.70929033804788, 0.017386705017242862, 0.00032556423184900476, 0.0028677097983112886, 0.05446539506629409, 0.00011599099824183299, 14.977983842960974, 13.588230201170424, 0.020173356011941448, 0.0009582818987404878, 0.022359984069431772, 0.003507353126723328, 0.010060828166677636, 8.318029325573749

0.9660300016403198, 0.0002652127586770803, 21243.0, 2744.0, 0.9240707310176827, 0.9941601215618544, 0.9788617191901539, 0.6909090876579285, 0.0013572459574788809, 190.0, 159.0, 0.608974358974359, 0.9873187137747657, 0.5343517295982518, 0.14465546607971191, 1.7602693769666884, 148.5788345336914
0.907730758190155, 0.0002040321269305423, 19961.0, 2111.0, 0.9060414869955971, 0.995175231930311, 0.9734904999614487, 0.5927272439002991, 0.0010158004006370902, 163.0, 119.0, 0.585278276481149, 0.9890273381451283, 0.6657610766521013, 0.1386096477508545, 1.7719024576638873, 175.4695703983307
0.8223738074302673, 0.00021669351554010063, 18084.0, 2242.0, 0.8547121656111163, 0.993931601093206, 0.9684465191653399, 0.6618182063102722, 0.0013572459574788809, 182.0, 159.0, 0.5909090909090909, 0.9856804426996234, 0.6244293983281488, 0.1595909595489502, 1.7398280952034928, 185.24757623672485
0.9896316528320312, 0.00019166068523190916, 21762.0, 1983.0, 0.9516562807477862, 0.993752501951433, 0.9729627626446303, 0.8218181729316711, 0.0016816190909594297, 226.0, 197.0, 0.64756446991404, 0.9860339940045273, 0.5807643811667897, 0.14350390434265137, 1.7994168940044584, 194.66274189949036
0.9913142323493958, 0.00022568214626517147, 21799.0, 2335.0, 0.9452345850316539, 0.9953195950800912, 0.9851618829691031, 0.8909090757369995, 0.0015962577890604734, 245.0, 187.0, 0.6930693069306931, 0.9908034135238806, 0.5788155777417787, 0.14684772491455078, 1.7823809543287898, 191.71288776397705

Namespace(compressed=True, dataset='OPTC', delta=2.0, encoder='GCN', fpweight=0.6, hidden=32, impl='TEDGE', load=False, ngrus=1, nowrite=False, rnn='LSTM', te_end=None, tests=5, threads=1, workers=8, zdim=16)

[0]:
, TPR, FPR, TP, FP, F1, AUC, AP, UW_TPR, UW_FPR, UW_TP, UW_FP, UW_F1, UW_AUC, UW_AP, FwdTime, TPE, tr_time
mean, 0.8631052196025848, 1.220658505189931e-05, 7415.8, 65.8, 0.8929133291341482, 0.9992773013452672, 0.9799628171150708, 0.8296296417713165, 0.0008074967656284571, 22.4, 48.6, 0.448951652534868, 0.9626148445990268, 0.4970249229140891, 0.06419429779052735, 1.5076889730465903, 152.2619318008423
stderr, 0.13573138932778428, 4.744136431293707e-07, 1166.2041159248238, 2.5573423705088842, 0.10259196446553596, 2.0347661339678913e-05, 0.014996248673415893, 0.1157074090010166, 3.221799313486136e-05, 3.1240998703626617, 1.9390719429665315, 0.051980839522115935, 0.00012784661126204048, 0.07765402074508196, 0.0013456282710143232, 0.010554004215592664, 9.324500565128915

0.9993016719818115, 1.1501645531097893e-05, 8586.0, 62.0, 0.9960556844547563, 0.9992985572565733, 0.995709893064748, 0.9629629850387573, 0.0007476821774616838, 26.0, 45.0, 0.5306122448979591, 0.9628128111496335, 0.6355606569380101, 0.06181168556213379, 1.5097342445736839, 167.51496815681458
0.32018157839775085, 1.0945113899651915e-05, 2751.0, 59.0, 0.482546921592703, 0.9991959325380103, 0.920029609956736, 0.37037035822868347, 0.0007310670334845781, 10.0, 44.0, 0.24691358024691354, 0.9621217435825482, 0.2304886658426851, 0.06351900100708008, 1.5231805394907467, 127.85412836074829
0.9993016719818115, 1.2985728972125798e-05, 8586.0, 70.0, 0.9955936920222634, 0.9992963403186216, 0.9929634711390305, 0.9629629850387573, 0.0008639883017167449, 26.0, 52.0, 0.4952380952380952, 0.9626691207872877, 0.4548506125509485, 0.0690157413482666, 1.4849466244379679, 175.77796459197998
0.9993016719818115, 1.205817716254387e-05, 8586.0, 65.0, 0.9958823870556166, 0.9992987958594095, 0.9966748781766881, 0.9629629850387573, 0.0007975276676006615, 26.0, 48.0, 0.5148514851485149, 0.9628146572784859, 0.6661087782480682, 0.06168770790100098, 1.4833398708930383, 133.80292463302612
0.9974395036697388, 1.3542259694077075e-05, 8570.0, 73.0, 0.9944879605454018, 0.9992968807537215, 0.9944362332381517, 0.8888888955116272, 0.000897218647878617, 24.0, 54.0, 0.4571428571428572, 0.9626558901971788, 0.49811590099073344, 0.06493735313415527, 1.5372435858375149, 156.35967326164246

[1]:
, TPR, FPR, TP, FP, F1, AUC, AP, UW_TPR, UW_FPR, UW_TP, UW_FP, UW_F1, UW_AUC, UW_AP, FwdTime, TPE, tr_time
mean, 0.9106011152267456, 0.00037658141191059257, 6150.2, 1723.2, 0.8436870056244802, 0.9859199754212234, 0.9380951462966352, 0.5119266152381897, 0.0012182550970464944, 111.6, 65.0, 0.5534736295362274, 0.9925787631572838, 0.6554996811142766, 0.0738100528717041, 1.5076889730465903, 152.2619318008423
stderr, 0.014184883668591228, 8.836288880195835e-05, 95.80469717085901, 404.34000544096546, 0.032692255803501186, 0.002431782567376116, 0.01829020790538339, 0.08264013195750766, 3.886504496945817e-05, 18.015548839821673, 2.073644135332772, 0.06518254491676356, 0.001134537074405391, 0.020699609748945247, 0.001127911538799994, 0.010554004215592664, 9.324500565128915

0.9098312258720398, 0.0004718194541055709, 6145.0, 2159.0, 0.816177447204144, 0.9951957697227783, 0.9564896238804423, 0.6559633016586304, 0.0011432855390012264, 143.0, 61.0, 0.6777251184834123, 0.9962942090326263, 0.7105707234810845, 0.07401013374328613, 1.5097342445736839, 167.51496815681458
0.9652057886123657, 2.382043567195069e-05, 6519.0, 109.0, 0.9742938275295173, 0.9857067570083236, 0.9723731164871403, 0.7385321259498596, 0.0012557398295029998, 161.0, 67.0, 0.7219730941704036, 0.9919898653557314, 0.6905078246188308, 0.07208490371704102, 1.5231805394907467, 127.85412836074829
0.8994669914245605, 0.00047116383211687207, 6075.0, 2156.0, 0.8108108108108109, 0.9846675520188599, 0.9531318974584113, 0.4954128563404083, 0.0013494518352672458, 108.0, 72.0, 0.542713567839196, 0.9938153995352232, 0.6578173891643782, 0.07634687423706055, 1.4849466244379679, 175.77796459197998
0.8910275101661682, 0.0004726935876533389, 6018.0, 2163.0, 0.8058921995313023, 0.9817723071592698, 0.8677787424115296, 0.3623853325843811, 0.001199512742459774, 79.0, 64.0, 0.4376731301939058, 0.9909187981831922, 0.604992969862804, 0.07608628273010254, 1.4833398708930383, 133.80292463302612
0.8874740600585938, 0.0004434097500052303, 5994.0, 2029.0, 0.8112607430466265, 0.9822574911968855, 0.9407023512456518, 0.30733945965766907, 0.0011432855390012264, 67.0, 61.0, 0.3872832369942196, 0.9898755436796461, 0.6136094984442853, 0.07052206993103027, 1.5372435858375149, 156.35967326164246

[2]:
, TPR, FPR, TP, FP, F1, AUC, AP, UW_TPR, UW_FPR, UW_TP, UW_FP, UW_F1, UW_AUC, UW_AP, FwdTime, TPE, tr_time
mean, 1.0, 0.00010738254932221025, 6635.0, 40.8, 0.9969348837749246, 0.9999617369238983, 0.9960440414209369, 1.0, 0.0019656602293252946, 60.0, 16.6, 0.8787580593036894, 0.9994158279060587, 0.8749193972741642, 0.05595970153808594, 1.5076889730465903, 152.2619318008423
stderr, 0.0, 4.435398632342273e-06, 0.0, 1.6852299546352716, 0.00012623667312793043, 1.368812918502814e-05, 0.0018545172072972627, 0.0, 0.00014307930850866892, 0.0, 1.208304597359457, 0.007935515465407245, 0.00016892057569788043, 0.033587217751205586, 0.0018922703314650715, 0.010554004215592664, 9.324500565128915

1.0, 0.00010527700942475349, 6635.0, 40.0, 0.9969947407963937, 0.9999693070311377, 0.9972973039237395, 1.0, 0.0020130255725234747, 60.0, 17.0, 0.8759124087591241, 0.9995658180382869, 0.8843301089677901, 0.050893306732177734, 1.5097342445736839, 167.51496815681458
1.0, 0.00011317278404021636, 6635.0, 43.0, 0.9967700743634041, 0.9999525614810897, 0.9963752653869599, 1.0, 0.0020130255725234747, 60.0, 17.0, 0.8759124087591241, 0.9993289915137162, 0.8954378363716474, 0.0549314022064209, 1.5231805394907467, 127.85412836074829
1.0, 0.00011843663378385827, 6635.0, 45.0, 0.9966203529853548, 0.9999789473746843, 0.9984574703927294, 1.0, 0.002249852055683732, 60.0, 19.0, 0.8633093525179857, 0.9996644957568581, 0.9288869235105794, 0.06255030632019043, 1.4849466244379679, 175.77796459197998
1.0, 9.21173850656487e-05, 6635.0, 35.0, 0.997369409996242, 0.9999938583121782, 0.9992068664299565, 1.0, 0.0014209591317921877, 60.0, 12.0, 0.9090909090909091, 0.9997237023880008, 0.9213470622668736, 0.056526899337768555, 1.4833398708930383, 133.80292463302612
1.0, 0.00010790893429657444, 6635.0, 41.0, 0.9969198407332281, 0.999914010420401, 0.9888833009713, 1.0, 0.0021314388141036034, 60.0, 18.0, 0.8695652173913044, 0.9987961318334321, 0.7445950552539303, 0.05489659309387207, 1.5372435858375149, 156.35967326164246

[3]:
, TPR, FPR, TP, FP, F1, AUC, AP, UW_TPR, UW_FPR, UW_TP, UW_FP, UW_F1, UW_AUC, UW_AP, FwdTime, TPE, tr_time
mean, 0.9093685984611511, 0.00017886416499095502, 20005.2, 1850.6, 0.908299468559742, 0.9946990942382857, 0.9638367829939553, 0.5784615278244019, 0.0012043985072523356, 150.4, 127.6, 0.554309703323626, 0.9899152099964785, 0.5946875407551753, 0.13811750411987306, 1.5076889730465903, 152.2619318008423
stderr, 0.05783666110357807, 3.7358069481793674e-05, 1272.3487100634009, 386.52148711294177, 0.02671186199055766, 0.0007858394085497264, 0.015502099351717726, 0.0607229586394089, 4.668180615701325e-05, 15.787970103848057, 4.9457052075512955, 0.04338520422593816, 0.0009585964009854052, 0.020568817054480534, 0.004210895133125538, 0.010554004215592664, 9.324500565128915

0.9712713956832886, 0.000217756925849244, 21367.0, 2253.0, 0.9367588066375852, 0.9977317740871163, 0.9874822920184528, 0.7115384340286255, 0.0011137854307889938, 185.0, 118.0, 0.6571936056838366, 0.9931016274772468, 0.6584937896158315, 0.13480758666992188, 1.5097342445736839, 167.51496815681458
0.6780762672424316, 2.9768811145913787e-05, 14917.0, 308.0, 0.801472168493445, 0.9943825311410096, 0.9043071591693034, 0.7153846025466919, 0.001198735204525292, 186.0, 127.0, 0.6492146596858638, 0.9894040086111444, 0.6103919536577945, 0.14241385459899902, 1.5231805394907467, 127.85412836074829
0.9680894613265991, 0.00022152635210659355, 21297.0, 2292.0, 0.9343248223216635, 0.9944182201225858, 0.9860977618902934, 0.5769230723381042, 0.0013780734734609723, 150.0, 146.0, 0.539568345323741, 0.9909004127685992, 0.601061298779537, 0.13691449165344238, 1.4849466244379679, 175.77796459197998
0.9655893445014954, 0.00021853014186490327, 21242.0, 2261.0, 0.933673245132082, 0.9934128484206372, 0.9630631884845756, 0.4692307710647583, 0.0011326632229611278, 122.0, 120.0, 0.4860557768924303, 0.9884681456633885, 0.5661496210147651, 0.15094876289367676, 1.4833398708930383, 133.80292463302612
0.9638165235519409, 0.00020673859398812056, 21203.0, 2139.0, 0.9352683002139344, 0.99355009742008, 0.9782335134071508, 0.41923075914382935, 0.001198735204525292, 109.0, 127.0, 0.43951612903225806, 0.9877018554620141, 0.5373410407079481, 0.1255028247833252, 1.5372435858375149, 156.35967326164246

Namespace(compressed=True, dataset='OPTC', delta=2.5, encoder='GCN', fpweight=0.6, hidden=32, impl='TEDGE', load=False, ngrus=1, nowrite=False, rnn='LSTM', te_end=None, tests=5, threads=1, workers=8, zdim=16)

[0]:
, TPR, FPR, TP, FP, F1, AUC, AP, UW_TPR, UW_FPR, UW_TP, UW_FP, UW_F1, UW_AUC, UW_AP, FwdTime, TPE, tr_time
mean, 0.9560488224029541, 1.2604961921169888e-05, 8226.8, 68.0, 0.9716116741187731, 0.9977874419159576, 0.9926064648683491, 0.9181818008422852, 0.000995188532397151, 20.2, 48.4, 0.44665761231210227, 0.9542686186618414, 0.5762837764372293, 0.05695323944091797, 1.3354045665888985, 142.22113103866576
stderr, 0.04174318313598633, 5.467544087291428e-07, 359.2, 2.9495762407505253, 0.02327605041986446, 1.3922034598130038e-06, 0.0019138131216859995, 0.03636363744735717, 5.2663760932787714e-05, 0.7999999999999999, 2.561249694973139, 0.017869837959413968, 9.746669830131731e-05, 0.08850685636008354, 0.0010966023666295495, 0.01098987070065505, 4.403179530451743

0.9977920055389404, 1.4458632904279511e-05, 8586.0, 78.0, 0.9943829984365048, 0.9977861389178305, 0.9920182224562931, 0.9545454382896423, 0.001172019517980516, 21.0, 57.0, 0.42, 0.9541524447917095, 0.46657726177093867, 0.05576014518737793, 1.3151206646436526, 142.12702536582947
0.9977920055389404, 1.3161063179722987e-05, 8586.0, 71.0, 0.9947862356621481, 0.9977907698098384, 0.9965939629393986, 0.9545454382896423, 0.0010486490791663527, 21.0, 51.0, 0.4468085106382979, 0.9544893770538383, 0.8171177535309909, 0.06070828437805176, 1.3433824360370636, 143.75126886367798
0.9977920055389404, 1.149275885836687e-05, 8586.0, 62.0, 0.9953051643192489, 0.9977897345976771, 0.9955913227831942, 0.9545454382896423, 0.0008841551025398076, 21.0, 43.0, 0.48837209302325585, 0.9544426458108244, 0.7340803496881149, 0.05553030967712402, 1.3085520896282825, 156.89282774925232
0.7890760898590088, 1.1678126611514017e-05, 6790.0, 63.0, 0.8785095096390217, 0.9977828941106258, 0.9856915319446817, 0.7727272510528564, 0.0009664021199569106, 17.0, 47.0, 0.39534883720930236, 0.9539580428207726, 0.33183565744941773, 0.05809450149536133, 1.3399386870396601, 138.66290187835693
0.9977920055389404, 1.2234228051966056e-05, 8586.0, 66.0, 0.9950744625369415, 0.9977876721438161, 0.9931372842181782, 0.9545454382896423, 0.0009047168423421681, 21.0, 44.0, 0.4827586206896552, 0.954300582832063, 0.5318078597466843, 0.054672956466674805, 1.3700289555958338, 129.67163133621216

[1]:
, TPR, FPR, TP, FP, F1, AUC, AP, UW_TPR, UW_FPR, UW_TP, UW_FP, UW_F1, UW_AUC, UW_AP, FwdTime, TPE, tr_time
mean, 0.9300148129463196, 0.008924919238779694, 6277.6, 40839.6, 0.49902902786799014, 0.9866649593216852, 0.6996757735023087, 0.4760563403367996, 0.008085831278003752, 101.4, 413.0, 0.378706384641599, 0.9834116142975151, 0.3974045494966742, 0.07213859558105469, 1.3354045665888985, 142.22113103866576
stderr, 0.013659596104261814, 0.004987168958405339, 92.20227762913453, 22820.821090837202, 0.1584907084057971, 0.001648968646211651, 0.16180415878253565, 0.06737702710139087, 0.0038606916903178136, 14.35130656072819, 197.19254549804867, 0.10172803278876327, 0.0028115204006581053, 0.09024978583961123, 0.002944606431678333, 0.01098987070065505, 4.403179530451743

0.9552592635154724, 0.0195095743983984, 6448.0, 89274.0, 0.12584901241314703, 0.9844802551631759, 0.823252499181545, 0.5586854219436646, 0.015838831663131714, 119.0, 809.0, 0.20858895705521474, 0.9793164623677352, 0.28238568533337294, 0.07466959953308105, 1.3151206646436526, 142.12702536582947
0.948296308517456, 0.0007760210428386927, 6401.0, 3551.0, 0.7664950305352652, 0.9917838389926485, 0.9505722597690676, 0.4507042169570923, 0.0017424672842025757, 96.0, 89.0, 0.4824120603015076, 0.9868867780496371, 0.5119437689945586, 0.06632471084594727, 1.3433824360370636, 143.75126886367798
0.9502221941947937, 0.001217682147398591, 6414.0, 5572.0, 0.68467122117848, 0.9862958479901118, 0.9381480971384574, 0.47887325286865234, 0.0022906591184437275, 102.0, 117.0, 0.4722222222222222, 0.9888980101018429, 0.5219621350026599, 0.0647895336151123, 1.3085520896282825, 156.89282774925232
0.8854814767837524, 0.022644473239779472, 5977.0, 103619.0, 0.10274525982844275, 0.9822217255467564, 0.07644497653091087, 0.24413146078586578, 0.0190692488104105, 52.0, 974.0, 0.08393866020984665, 0.9743714290887889, 0.09731133614359253, 0.07408714294433594, 1.3399386870396601, 138.66290187835693
0.9108148217201233, 0.0004768453654833138, 6148.0, 2182.0, 0.8153846153846155, 0.9885431289157336, 0.7099610348915628, 0.6478873491287231, 0.0014879495138302445, 138.0, 76.0, 0.6463700234192038, 0.9875853918795713, 0.5734198220091871, 0.08082199096679688, 1.3700289555958338, 129.67163133621216

[2]:
, TPR, FPR, TP, FP, F1, AUC, AP, UW_TPR, UW_FPR, UW_TP, UW_FP, UW_F1, UW_AUC, UW_AP, FwdTime, TPE, tr_time
mean, 1.0, 0.00010422423947602511, 6635.0, 39.6, 0.997024790860498, 0.9999567466984164, 0.994613662601741, 1.0, 0.0018603527452796698, 48.0, 15.4, 0.862242018104087, 0.9993154546186679, 0.8402244146557871, 0.04727702140808106, 1.3354045665888985, 142.22113103866576
stderr, 0.0, 5.170911924342907e-06, 0.0, 1.9646882704388502, 0.00014715272263278649, 2.118326053860648e-05, 0.00290498551432064, 0.0, 0.0001602621526858972, 0.0, 1.3266499161421599, 0.010133859840224628, 0.00032533198532888217, 0.07453763286183256, 0.0007630581070603392, 0.01098987070065505, 4.403179530451743

1.0, 9.21173850656487e-05, 6635.0, 35.0, 0.997369409996242, 0.9999960499304186, 0.9995503886643102, 1.0, 0.0014496254734694958, 48.0, 12.0, 0.888888888888889, 0.9998187968108239, 0.9422199586905469, 0.048061370849609375, 1.3151206646436526, 142.12702536582947
1.0, 9.738123480929062e-05, 6635.0, 37.0, 0.9972195085293455, 0.9999956048633298, 0.9996626751439878, 1.0, 0.0016912297578528523, 48.0, 14.0, 0.8727272727272727, 0.9997986631231377, 0.9566185448538389, 0.04505348205566406, 1.3433824360370636, 143.75126886367798
1.0, 0.00010001315968111157, 6635.0, 38.0, 0.9971445746919148, 0.9999815654163832, 0.9988427088189884, 1.0, 0.0018120318418368697, 48.0, 15.0, 0.8648648648648648, 0.999919465249255, 0.9853968253968254, 0.04796338081359863, 1.3085520896282825, 156.89282774925232
1.0, 0.00012106855865567923, 6635.0, 46.0, 0.9965455091619105, 0.9999061194047169, 0.9875146135485935, 1.0, 0.002416042611002922, 48.0, 20.0, 0.8275862068965517, 0.9985302407989047, 0.6596193929527263, 0.0492861270904541, 1.3399386870396601, 138.66290187835693
1.0, 0.0001105408591683954, 6635.0, 42.0, 0.996844951923077, 0.9999043938772334, 0.987497926832825, 1.0, 0.001932834042236209, 48.0, 16.0, 0.8571428571428571, 0.9985101071112185, 0.6572673513849985, 0.0460207462310791, 1.3700289555958338, 129.67163133621216

[3]:
, TPR, FPR, TP, FP, F1, AUC, AP, UW_TPR, UW_FPR, UW_TP, UW_FP, UW_F1, UW_AUC, UW_AP, FwdTime, TPE, tr_time
mean, 0.9606889605522155, 0.004760614281985908, 21139.0, 49255.2, 0.6540585515759594, 0.9936879122491185, 0.7665505203400135, 0.5382113814353943, 0.005146720516495407, 132.4, 503.2, 0.3848144162787385, 0.9848258993784464, 0.400345776127069, 0.11444582939147949, 1.3354045665888985, 142.22113103866576
stderr, 0.019882826289814852, 0.0027281606671341533, 437.50188571022176, 28226.63019809485, 0.1626461732007258, 0.001208325883391915, 0.15619438920965562, 0.060915962904895475, 0.002211438735782801, 14.985326155943351, 216.2145693518362, 0.093525048760278, 0.0014112417279258166, 0.08414836290621772, 0.004584802705032948, 0.01098987070065505, 4.403179530451743

0.9846845865249634, 0.010568704456090927, 21667.0, 109348.0, 0.2831935903384547, 0.992771319686217, 0.7562806211477182, 0.6097561120986938, 0.009593847207725048, 150.0, 938.0, 0.2248875562218891, 0.9824536686980436, 0.3075234249212038, 0.1031942367553711, 1.3151206646436526, 142.12702536582947
0.982639491558075, 0.00023409117420669645, 21622.0, 2422.0, 0.9391070187630299, 0.9963077603478118, 0.986420621108087, 0.5203251838684082, 0.0015546531649306417, 128.0, 152.0, 0.4866920152091255, 0.9861397335219938, 0.5280680637077301, 0.1133577823638916, 1.3433824360370636, 143.75126886367798
0.9832302927970886, 0.000527526659425348, 21635.0, 5458.0, 0.8813165773876204, 0.994861024239802, 0.9846145722903731, 0.5447154641151428, 0.0017694408306851983, 134.0, 173.0, 0.48462929475587707, 0.9880998056434012, 0.5560382324502005, 0.1096951961517334, 1.3085520896282825, 156.89282774925232
0.8817487955093384, 0.012251319363713264, 19402.0, 126757.0, 0.2307523057985407, 0.9894226853303436, 0.16510703877337232, 0.3252032399177551, 0.011434883810579777, 80.0, 1118.0, 0.11080332409972299, 0.9806112391549091, 0.11232296390134373, 0.13086557388305664, 1.3399386870396601, 138.66290187835693
0.9711416363716125, 0.00022142975649330765, 21369.0, 2291.0, 0.9359232655921513, 0.9950767716414173, 0.9403297483805165, 0.6910569071769714, 0.0013807775685563684, 170.0, 135.0, 0.6170598911070779, 0.986825049873884, 0.49777619565486675, 0.11511635780334473, 1.3700289555958338, 129.67163133621216

Namespace(compressed=True, dataset='OPTC', delta=3.0, encoder='GCN', fpweight=0.6, hidden=32, impl='TEDGE', load=False, ngrus=1, nowrite=False, rnn='LSTM', te_end=None, tests=5, threads=1, workers=8, zdim=16)

[0]:
, TPR, FPR, TP, FP, F1, AUC, AP, UW_TPR, UW_FPR, UW_TP, UW_FP, UW_F1, UW_AUC, UW_AP, FwdTime, TPE, tr_time
mean, 0.7549564301967621, 1.2503431935328991e-05, 6496.4, 67.4, 0.8283426420801767, 0.9977784663503974, 0.9845461834177319, 0.7499999940395355, 0.001016492920462042, 18.0, 50.6, 0.3871660096593225, 0.9577984692340143, 0.4211414581481769, 0.051878499984741214, 1.2073581678526133, 120.75337514877319
stderr, 0.1315025399457129, 5.645141170332752e-07, 1131.579321126009, 3.0430248109405875, 0.0948465749648472, 6.997298392292141e-06, 0.00591380556944319, 0.11334558355575995, 7.478861633452541e-05, 2.7202941017470885, 3.722902093797256, 0.05650958122387719, 0.00015660773710424625, 0.07598987459740893, 0.0015766829659157877, 0.005436467862888242, 4.170109244962426

0.9977920055389404, 1.075962973118294e-05, 8586.0, 58.0, 0.99553597309989, 0.9977881823679586, 0.9927454401467523, 0.9583333134651184, 0.0007834628922864795, 23.0, 39.0, 0.5348837209302326, 0.9581383046398415, 0.5780274941543326, 0.05292773246765137, 1.2246471959001877, 117.94945549964905
0.8934340476989746, 1.3913314433011692e-05, 7688.0, 75.0, 0.9393939393939394, 0.9977843725073932, 0.9899977568852305, 0.875, 0.0011450612219050527, 21.0, 57.0, 0.411764705882353, 0.9578562245123446, 0.44807845669338103, 0.04681110382080078, 1.1997562085880953, 115.18134212493896
0.35932597517967224, 1.2058206266374327e-05, 3092.0, 65.0, 0.525760925012753, 0.9977512734463575, 0.9620773984997798, 0.4166666567325592, 0.0009441732545383275, 10.0, 47.0, 0.2469135802469136, 0.9574544486630909, 0.20214890387423914, 0.05662131309509277, 1.208953596651554, 110.48161268234253
0.5264381170272827, 1.3542292435886338e-05, 4530.0, 73.0, 0.6859479103573592, 0.997779584537855, 0.9835334450140522, 0.5416666865348816, 0.0012053275713697076, 13.0, 60.0, 0.26804123711340205, 0.9574167821772234, 0.29454888925062844, 0.051818132400512695, 1.2108878135681151, 126.23607659339905
0.9977920055389404, 1.2243716810189653e-05, 8586.0, 66.0, 0.9950744625369415, 0.9977889188924228, 0.994376876542845, 0.9583333134651184, 0.0010044396622106433, 23.0, 50.0, 0.4742268041237113, 0.9581265861775715, 0.5829035467683028, 0.05121421813964844, 1.1925460245551132, 133.91838884353638

[1]:
, TPR, FPR, TP, FP, F1, AUC, AP, UW_TPR, UW_FPR, UW_TP, UW_FP, UW_F1, UW_AUC, UW_AP, FwdTime, TPE, tr_time
mean, 0.8572485208511352, 0.00038724647602066397, 5795.0, 1772.0, 0.8062839052533173, 0.9872160184073742, 0.9065336662258481, 0.4057692289352417, 0.001664501614868641, 84.4, 75.6, 0.4449067834338652, 0.9868821206645135, 0.5369579291306817, 0.07385683059692383, 1.2073581678526133, 120.75337514877319
stderr, 0.06575309640117118, 7.196658961108197e-05, 444.49094478965486, 329.3117064423917, 0.051051967113621824, 0.0022581795169890812, 0.02998170344322136, 0.08466999853289832, 0.0001778631347575848, 17.61135997020105, 8.078366171448284, 0.07017338655851217, 0.0010534456338792452, 0.03491592897185115, 0.003859978760329036, 0.005436467862888242, 4.170109244962426

0.8860946893692017, 0.0004713829839602113, 5990.0, 2157.0, 0.8036492922787952, 0.9896290263905356, 0.9408343585911508, 0.2548076808452606, 0.0011448953300714493, 53.0, 52.0, 0.3386581469648562, 0.9886452022789515, 0.5423457806048667, 0.0664675235748291, 1.2246471959001877, 117.94945549964905
0.9600591659545898, 0.0004805615171790123, 6490.0, 2199.0, 0.8401838306686518, 0.9820041769370526, 0.9143370922775005, 0.6490384340286255, 0.00193751510232687, 135.0, 88.0, 0.6264501160092808, 0.9837880241579684, 0.5997006247471225, 0.07668948173522949, 1.1997562085880953, 115.18134212493896
0.8834319710731506, 0.0004073518211953342, 5972.0, 1864.0, 0.818306385311044, 0.994741211395274, 0.9165302479485837, 0.21153846383094788, 0.002135670045390725, 44.0, 97.0, 0.2521489971346705, 0.9885599384872816, 0.4082145384149357, 0.07601022720336914, 1.208953596651554, 110.48161268234253
0.9542899131774902, 0.00010424185893498361, 6451.0, 477.0, 0.9425774400935125, 0.9840770071642938, 0.9679002674543645, 0.5528846383094788, 0.0016953257145360112, 115.0, 77.0, 0.575, 0.984886926769041, 0.5989262212565462, 0.08573174476623535, 1.2108878135681151, 126.23607659339905
0.6023668646812439, 0.0004726941988337785, 4072.0, 2163.0, 0.6267025779145826, 0.9856286701497151, 0.7930663648576407, 0.36057692766189575, 0.001409101882018149, 75.0, 64.0, 0.4322766570605187, 0.9885305116293249, 0.5356024806299379, 0.06438517570495605, 1.1925460245551132, 133.91838884353638

[2]:
, TPR, FPR, TP, FP, F1, AUC, AP, UW_TPR, UW_FPR, UW_TP, UW_FP, UW_F1, UW_AUC, UW_AP, FwdTime, TPE, tr_time
mean, 0.9332931399345398, 9.89603897323832e-05, 6192.4, 37.6, 0.9571675798720236, 0.9999564022275965, 0.9956916641853292, 0.9333333373069763, 0.001812031865119934, 39.2, 15.0, 0.8104242424242424, 0.9993758556817266, 0.8392898731517192, 0.04745893478393555, 1.2073581678526133, 120.75337514877319
stderr, 0.0667068600654602, 2.294458908651758e-06, 442.59999999999997, 0.8717797887081347, 0.0399770538265955, 1.3106705545250671e-05, 0.0015109314719118497, 0.06666666269302368, 3.8200991555325484e-05, 2.8, 0.31622776601683794, 0.035976933738839555, 0.00022165352250176195, 0.0555323214360747, 0.001522446649096946, 0.005436467862888242, 4.170109244962426

1.0, 9.738123480929062e-05, 6635.0, 37.0, 0.9972195085293455, 0.9999486784492427, 0.994599872362298, 1.0, 0.0018120318418368697, 42.0, 15.0, 0.8484848484848484, 0.9996778609970202, 0.8937203193819048, 0.04662299156188965, 1.2246471959001877, 117.94945549964905
1.0, 9.738123480929062e-05, 6635.0, 37.0, 0.9972195085293455, 0.9999916440835778, 0.9994297369712358, 1.0, 0.0018120318418368697, 42.0, 15.0, 0.8484848484848484, 0.9997382620600789, 0.9415246105408377, 0.051126956939697266, 1.1997562085880953, 115.18134212493896
1.0, 9.738123480929062e-05, 6635.0, 37.0, 0.9972195085293455, 0.9999797903047767, 0.9987063645588719, 1.0, 0.0018120318418368697, 42.0, 15.0, 0.8484848484848484, 0.9996375936216477, 0.9272474747474747, 0.047567129135131836, 1.208953596651554, 110.48161268234253
1.0, 0.00010790893429657444, 6635.0, 41.0, 0.9969198407332281, 0.9999430187190973, 0.9945014947556019, 1.0, 0.001932834042236209, 42.0, 16.0, 0.8400000000000001, 0.9992751872432954, 0.7897983482798805, 0.04225587844848633, 1.2108878135681151, 126.23607659339905
0.666465699672699, 9.474930993746966e-05, 4422.0, 36.0, 0.7972595330388532, 0.9999188795812879, 0.9912208522786388, 0.6666666865348816, 0.0016912297578528523, 28.0, 14.0, 0.6666666666666666, 0.998550374486591, 0.6441586128084984, 0.049721717834472656, 1.1925460245551132, 133.91838884353638

[3]:
, TPR, FPR, TP, FP, F1, AUC, AP, UW_TPR, UW_FPR, UW_TP, UW_FP, UW_F1, UW_AUC, UW_AP, FwdTime, TPE, tr_time
mean, 0.8394149899482727, 0.0003226055599952815, 18481.4, 3337.8, 0.8454819909795439, 0.9947044343734248, 0.9317642078158874, 0.47078189849853513, 0.0015391532564535738, 114.4, 147.2, 0.4504095971787513, 0.9871546822430546, 0.4691035126214828, 0.09838485717773438, 1.2073581678526133, 120.75337514877319
stderr, 0.04912869816557309, 0.0001569147643272235, 1081.666565998968, 1623.4999353249138, 0.04926642756227413, 0.0005858922321082989, 0.034342708535596324, 0.0730449786232606, 0.00020605356420919186, 17.749929577325087, 19.706344156134083, 0.05810528690975332, 0.0005644820986967576, 0.037309240560435455, 0.003954034261079514, 0.005436467862888242, 4.170109244962426

0.9635281562805176, 0.00021882048167753965, 21214.0, 2264.0, 0.9325859984613694, 0.9958137680458807, 0.9787303021040955, 0.37037035822868347, 0.0010665328009054065, 90.0, 102.0, 0.41379310344827586, 0.9884176454082568, 0.4782387994068651, 0.10170459747314453, 1.2246471959001877, 117.94945549964905
0.945496678352356, 0.00022287986939772964, 20817.0, 2306.0, 0.92233052724856, 0.9931331222380222, 0.9549278631733638, 0.6913580298423767, 0.0015788868768140674, 168.0, 151.0, 0.5978647686832739, 0.9856557014647851, 0.5508564392498533, 0.10337543487548828, 1.1997562085880953, 115.18134212493896
0.7130853533744812, 0.0009311468456871808, 15700.0, 9634.0, 0.6631327743870244, 0.9962733166604423, 0.7959783445368662, 0.27572017908096313, 0.0022794525139033794, 67.0, 218.0, 0.2537878787878788, 0.9870848666410124, 0.32894534092925837, 0.1084299087524414, 1.208953596651554, 110.48161268234253
0.7989280819892883, 2.1650082999258302e-05, 17590.0, 224.0, 0.883231653737039, 0.9939368079288223, 0.9758372713880846, 0.5679012537002563, 0.0015056934207677841, 138.0, 144.0, 0.5257142857142857, 0.9861942390101529, 0.5040950515294284, 0.09113049507141113, 1.2108878135681151, 126.23607659339905
0.7760366797447205, 0.0002185305202146992, 17086.0, 2261.0, 0.8261290010637269, 0.9943651569939569, 0.9533472578770269, 0.4485596716403961, 0.0012652006698772311, 109.0, 121.0, 0.4608879492600423, 0.9884209586910657, 0.48338193199200896, 0.08728384971618652, 1.1925460245551132, 133.91838884353638

Namespace(compressed=True, dataset='OPTC', delta=4.0, encoder='GCN', fpweight=0.6, hidden=32, impl='TEDGE', load=False, ngrus=1, nowrite=False, rnn='LSTM', te_end=None, tests=5, threads=1, workers=8, zdim=16)

[0]:
, TPR, FPR, TP, FP, F1, AUC, AP, UW_TPR, UW_FPR, UW_TP, UW_FP, UW_F1, UW_AUC, UW_AP, FwdTime, TPE, tr_time
mean, 0.270670223236084, 3.264993574703112e-06, 2330.2, 17.6, 0.41620853279477343, 0.9973218052578302, 0.9891975756484943, 0.4181818187236786, 0.00020819040073547513, 9.2, 8.8, 0.461173443175712, 0.9542310182188107, 0.5222788964499121, 0.05508604049682617, 0.9867193585227341, 104.48191442489625
stderr, 0.047823408544694315, 4.715045870367337e-07, 411.71171953200457, 2.541653005427767, 0.06097136481953549, 3.231725872570267e-06, 0.0027476818168614757, 0.04165978093695135, 3.295178288342337e-05, 0.916515138991168, 1.3928388277184118, 0.047134923700008095, 9.383408884276325e-05, 0.04649645223323719, 0.0011586087197412978, 0.005526620776723769, 7.239447600000629

0.3646184206008911, 2.411642981314799e-06, 3139.0, 13.0, 0.5337981464161211, 0.9973257446999001, 0.9926076647367275, 0.5, 0.00016560600488446653, 11.0, 7.0, 0.55, 0.95438092390942, 0.5830670644643878, 0.05522894859313965, 0.9731730078205918, 96.68202781677246
0.3646184206008911, 2.5971539798774756e-06, 3139.0, 14.0, 0.5337527631355211, 0.9973267427400159, 0.9936738830633133, 0.5, 0.00014194799587130547, 11.0, 6.0, 0.5641025641025642, 0.9544088833639095, 0.6409459516135891, 0.05067777633666992, 0.9875857929388682, 132.87155556678772
0.15588337182998657, 4.823285962629598e-06, 1342.0, 26.0, 0.269018743109151, 0.9973090938219037, 0.9785164157673812, 0.3181818127632141, 0.00033121200976893306, 7.0, 14.0, 0.3255813953488372, 0.9538851812740478, 0.370570757877648, 0.05566668510437012, 0.9755563168298631, 93.4041075706482
0.31234753131866455, 3.8957309698162135e-06, 2689.0, 21.0, 0.47513031186500565, 0.9973238818324671, 0.9914124364189084, 0.4545454680919647, 0.0002129219938069582, 10.0, 9.0, 0.4878048780487805, 0.9542733875459988, 0.5405069147994843, 0.056561946868896484, 1.0016207364889291, 97.13502407073975
0.15588337182998657, 2.5971539798774756e-06, 1342.0, 14.0, 0.2693426994480682, 0.9973235631948645, 0.9897774782561405, 0.3181818127632141, 0.00018926399934571236, 7.0, 8.0, 0.3783783783783784, 0.9542067150006774, 0.47630379349445134, 0.05729484558105469, 0.9956609385354178, 102.31685709953308

[1]:
, TPR, FPR, TP, FP, F1, AUC, AP, UW_TPR, UW_FPR, UW_TP, UW_FP, UW_F1, UW_AUC, UW_AP, FwdTime, TPE, tr_time
mean, 0.26275148093700407, 0.0148526506498456, 1776.2, 67964.2, 0.05021430468999847, 0.9694525481874902, 0.04583863493914353, 0.044329896196722986, 0.016427705995738506, 8.6, 650.8, 0.024430884750811836, 0.9663413616075145, 0.08066862596894005, 0.06749429702758789, 0.9867193585227341, 104.48191442489625
stderr, 0.13361313632574187, 0.002859319868177525, 903.2248003681033, 13083.953578334034, 0.028513046364183142, 0.0022694385042128576, 0.011807866782657042, 0.02238561895777636, 0.002570610835198553, 4.342810150121693, 101.83732125306517, 0.013977363951281274, 0.0023410879194346473, 0.006627539600542515, 0.002043239518933367, 0.005526620776723769, 7.239447600000629

0.0, 0.007893097586929798, 0.0, 36118.0, 0.0, 0.9648236551558753, 0.030945518109491817, 0.0, 0.013757067732512951, 0.0, 545.0, 0.0, 0.9628939104058757, 0.07271812358560466, 0.06828451156616211, 0.9731730078205918, 96.68202781677246
0.0, 0.021616308018565178, 0.0, 98914.0, 0.0, 0.9715612302110501, 0.03159327019520658, 0.0, 0.022642366588115692, 0.0, 897.0, 0.0, 0.9654050014156521, 0.07388797595731808, 0.06217241287231445, 0.9875857929388682, 132.87155556678772
0.1470414251089096, 0.01471624057739973, 994.0, 67340.0, 0.026473486563507072, 0.9729493643573692, 0.03614560286860294, 0.025773195549845695, 0.018654078245162964, 5.0, 739.0, 0.010660980810234541, 0.9655111753243508, 0.07546164448522868, 0.06807327270507812, 0.9755563168298631, 93.4041075706482
0.5852071046829224, 0.00913416501134634, 3956.0, 41797.0, 0.15066745377335136, 0.974640037611509, 0.09278511021244393, 0.09793814271688461, 0.007850363850593567, 19.0, 311.0, 0.07251908396946566, 0.975373703533301, 0.10712133135605169, 0.07428741455078125, 1.0016207364889291, 97.13502407073975
0.5815088748931885, 0.020903442054986954, 3931.0, 95652.0, 0.07393058311313393, 0.9632884536016466, 0.03772367330997239, 0.09793814271688461, 0.019234653562307358, 19.0, 762.0, 0.038974358974358976, 0.9625230173583932, 0.07415405446049714, 0.06465387344360352, 0.9956609385354178, 102.31685709953308

[2]:
, TPR, FPR, TP, FP, F1, AUC, AP, UW_TPR, UW_FPR, UW_TP, UW_FP, UW_F1, UW_AUC, UW_AP, FwdTime, TPE, tr_time
mean, 0.2999547868967056, 2.3160941327660112e-05, 1990.2, 8.8, 0.37690720789896437, 0.9999486530621716, 0.993993791398349, 0.3000000089406967, 0.0005402485287049786, 10.8, 4.0, 0.359274582387159, 0.9989225043520019, 0.7392415797315701, 0.04384794235229492, 0.9867193585227341, 104.48191442489625
stderr, 0.15279533564095876, 1.4060491901064568e-05, 1013.7970408321382, 5.342284155677232, 0.18035950761340214, 1.875963872379373e-05, 0.0023144897428309247, 0.1527525277175746, 0.0002526781128487165, 5.499090833947008, 1.8708286933869707, 0.1772760890015709, 0.00039540840519537447, 0.09029267328268291, 0.0014273768584404875, 0.005526620776723769, 7.239447600000629

0.0, 0.0, 0.0, 0.0, 0.0, 0.999919339325277, 0.9910991849500734, 0.0, 0.0, 0.0, 0.0, 0.0, 0.9980190887808391, 0.5440447080805738, 0.04377174377441406, 0.9731730078205918, 96.68202781677246
0.0, 7.36939036869444e-05, 0.0, 28.0, 0.0, 0.9999245488315849, 0.9891603082180985, 0.0, 0.001080497051589191, 0.0, 8.0, 0.0, 0.998829461552314, 0.6459728210845691, 0.04066872596740723, 0.9875857929388682, 132.87155556678772
0.1662396341562271, 3.421502697165124e-05, 1103.0, 13.0, 0.28460843762095217, 0.9999109171644665, 0.9904917691373328, 0.1666666716337204, 0.001215559197589755, 6.0, 9.0, 0.23529411764705882, 0.998109130199892, 0.592678176001054, 0.0466923713684082, 0.9755563168298631, 93.4041075706482
0.666465699672699, 5.263850653136615e-06, 4422.0, 2.0, 0.7997106429152726, 0.9999973652980357, 0.999801308776605, 0.6666666865348816, 0.00027012426289729774, 24.0, 2.0, 0.7741935483870968, 0.9998649378714208, 0.9653728070175438, 0.04740452766418457, 1.0016207364889291, 97.13502407073975
0.667068600654602, 2.6319253265683074e-06, 4426.0, 1.0, 0.8002169589585969, 0.999991094691494, 0.9994163859096351, 0.6666666865348816, 0.00013506213144864887, 24.0, 1.0, 0.7868852459016393, 0.9997899033555435, 0.9481393864741097, 0.04070234298706055, 0.9956609385354178, 102.31685709953308

[3]:
, TPR, FPR, TP, FP, F1, AUC, AP, UW_TPR, UW_FPR, UW_TP, UW_FP, UW_F1, UW_AUC, UW_AP, FwdTime, TPE, tr_time
mean, 0.27775505781173704, 0.006507195346057415, 6112.0, 67326.0, 0.13621714847182614, 0.9874810757419235, 0.14988364145747418, 0.10128755420446396, 0.00791767700575292, 23.6, 669.4, 0.05801312702849047, 0.977379448738095, 0.10774600976738569, 0.0930746078491211, 0.9867193585227341, 104.48191442489625
stderr, 0.08054405511338024, 0.0012690326833527932, 1772.3719699882415, 13129.911218283236, 0.04406482059567097, 0.0007820638260981251, 0.02678676807498252, 0.029846074945538252, 0.0012399049251069804, 6.9541354602854835, 104.8277634980352, 0.022735362175390697, 0.0013489965161978988, 0.0117297013325808, 0.002473672467291812, 0.005526620776723769, 7.239447600000629

0.1426948457956314, 0.00344516197219491, 3140.0, 35645.0, 0.10330646487909195, 0.9870327333012974, 0.10996215671156313, 0.04721030220389366, 0.0065172393806278706, 11.0, 551.0, 0.027672955974842765, 0.9754402574548893, 0.08652056953608185, 0.09061813354492188, 0.9731730078205918, 96.68202781677246
0.1426948457956314, 0.009436525404453278, 3140.0, 97634.0, 0.05114881209327329, 0.9878636213857055, 0.13182770787936163, 0.04721030220389366, 0.010775326751172543, 11.0, 911.0, 0.019047619047619046, 0.9775862055836887, 0.09638060880350387, 0.09584188461303711, 0.9875857929388682, 132.87155556678772
0.15632811188697815, 0.006384737323969603, 3440.0, 66059.0, 0.07518796992481203, 0.9881087966129287, 0.12577112146584732, 0.06437768042087555, 0.009036608040332794, 15.0, 764.0, 0.029644268774703556, 0.9767907331266052, 0.10040408212603161, 0.09730887413024902, 0.9755563168298631, 93.4041075706482
0.5040672421455383, 0.003969789482653141, 11092.0, 41073.0, 0.2990966698125927, 0.9895805770655907, 0.2560442177678192, 0.18025751411914825, 0.0037967946846038103, 42.0, 321.0, 0.14093959731543623, 0.9823839908502902, 0.15341073362599061, 0.08446049690246582, 1.0016207364889291, 97.13502407073975
0.442990243434906, 0.009299762547016144, 9748.0, 96219.0, 0.15234582564936078, 0.9848196503440951, 0.12581300346277952, 0.16738197207450867, 0.009462416172027588, 39.0, 800.0, 0.07276119402985075, 0.9746960566750014, 0.10201405474532052, 0.09714365005493164, 0.9956609385354178, 102.31685709953308

