Namespace(compressed=True, dataset='OPTC', delta=0.125, encoder='GCN', fpweight=0.6, hidden=32, impl='DYNTEDGE', load=False, ngrus=1, nowrite=False, rnn='GRU', te_end=None, tests=5, threads=1, workers=8, zdim=16)

[0]:
, TPR, FPR, TP, FP, F1, AUC, AP, UW_TPR, UW_FPR, UW_TP, UW_FP, UW_F1, UW_AUC, UW_AP, FwdTime, TPE, tr_time
mean, 0.9751662850379944, 1.1947907842113636e-05, 8356.2, 64.4, 0.9836417512559958, 0.999795008487842, 0.9944315347959758, 0.9327731132507324, 0.00033245546510443094, 111.0, 33.2, 0.8437250724626122, 0.9861273474071242, 0.9092324767227483, 0.21356534957885742, 5.40264904583141, 813.5004385471344
stderr, 0.006400790542154461, 6.389227223414828e-07, 54.84833634669332, 3.4438350715445125, 0.003257472419337771, 1.8652391335277524e-05, 0.0005513315560212561, 0.007972128079870442, 2.6380018498033344e-05, 0.9486832980505137, 2.6343879744638983, 0.00752068963818626, 0.0007169474000098253, 0.007007984857562026, 0.004069784572356016, 0.017380384495153146, 66.23841744798533

0.9897304177284241, 1.0389485396444798e-05, 8481.0, 56.0, 0.9915819010873379, 0.9998637531258849, 0.9954663075831048, 0.9411764740943909, 0.00030041157151572406, 112.0, 30.0, 0.8582375478927202, 0.9877635722284066, 0.9125660712881265, 0.21225357055664062, 5.360610126394086, 792.3625483512878
0.9826117157936096, 1.3543435670726467e-05, 8420.0, 73.0, 0.9869886297034345, 0.9997803681352931, 0.9955423177352067, 0.9579831957817078, 0.0003705075941979885, 114.0, 37.0, 0.8444444444444444, 0.987061602126005, 0.9317444475308359, 0.20390796661376953, 5.3607032049086785, 868.26997590065
0.9822616577148438, 1.335790966550121e-05, 8417.0, 72.0, 0.9868683315746278, 0.9997647833880232, 0.9934700653289993, 0.9327731132507324, 0.0004005487426184118, 111.0, 40.0, 0.8222222222222223, 0.985388722045, 0.9075973173560415, 0.22689366340637207, 5.4380530804659415, 803.5971715450287
0.9668572545051575, 1.0946064321615268e-05, 8285.0, 59.0, 0.9797197422101342, 0.9998033099974295, 0.9928028426023602, 0.9159663915634155, 0.000250342971412465, 109.0, 25.0, 0.8616600790513833, 0.9867125524994452, 0.9063084971461592, 0.21767020225524902, 5.433316785168935, 596.7894110679626
0.954370379447937, 1.150264415628044e-05, 8178.0, 62.0, 0.9730501517044441, 0.9997628277925793, 0.994876140730208, 0.9159663915634155, 0.00034046644577756524, 109.0, 34.0, 0.83206106870229, 0.9837102881367641, 0.8879460502925786, 0.20710134506225586, 5.420562032219413, 1006.4830858707428

[1]:
, TPR, FPR, TP, FP, F1, AUC, AP, UW_TPR, UW_FPR, UW_TP, UW_FP, UW_F1, UW_AUC, UW_AP, FwdTime, TPE, tr_time
mean, 0.9312435030937195, 0.0002747875936620403, 6268.2, 1257.4, 0.8828221576349217, 0.9865363101265799, 0.8978258914599275, 0.8280373930931091, 0.0007941293413750827, 531.6, 69.8, 0.8533499480349385, 0.9931080042935682, 0.9136058632633715, 0.21094326972961425, 5.40264904583141, 813.5004385471344
stderr, 0.01917843152733123, 9.959345282541427e-05, 129.09004609186564, 455.72948116179623, 0.036232854066726744, 0.0016201477517459701, 0.0692860994292339, 0.04109494072759514, 0.00011073948772044325, 26.38294903910478, 9.73344748791506, 0.027469476614004593, 0.0004921852419420876, 0.0280229870359496, 0.007668463039161839, 0.017380384495153146, 66.23841744798533

0.8919922709465027, 0.0003837498079519719, 6004.0, 1756.0, 0.8286522669242978, 0.9894762454991823, 0.9569713599952766, 0.7663551568984985, 0.0006712554604746401, 492.0, 59.0, 0.8248113998323554, 0.9931738237655771, 0.9321077857650204, 0.19311976432800293, 5.360610126394086, 792.3625483512878
0.9560243487358093, 0.0004724755708593875, 6435.0, 2162.0, 0.8396398747390396, 0.9846171586852639, 0.9561539008483217, 0.855140209197998, 0.0010011945851147175, 549.0, 88.0, 0.8584831899921814, 0.9934013945767562, 0.9322529185660076, 0.2191784381866455, 5.3607032049086785, 868.26997590065
0.8795127272605896, 0.0004501848598010838, 5920.0, 2060.0, 0.8048399157093331, 0.9833907946451821, 0.6213263798633564, 0.7289719581604004, 0.0011149666970595717, 468.0, 98.0, 0.7748344370860927, 0.991760054610615, 0.8038017612442883, 0.20569062232971191, 5.4380530804659415, 803.5971715450287
0.9772693514823914, 4.917067781207152e-05, 6578.0, 225.0, 0.9720703413624945, 0.9913416495040159, 0.9800136745363274, 0.9672897458076477, 0.0006257466156966984, 621.0, 55.0, 0.9423368740515934, 0.994708887817328, 0.9625706300275036, 0.23643159866333008, 5.433316785168935, 596.7894110679626
0.9514188170433044, 1.8357051885686815e-05, 6404.0, 84.0, 0.9689083894394431, 0.983855702299255, 0.9746641420563553, 0.822429895401001, 0.0005574833485297859, 528.0, 49.0, 0.8662838392124693, 0.9924958606975649, 0.9372962207140368, 0.20029592514038086, 5.420562032219413, 1006.4830858707428

[2]:
, TPR, FPR, TP, FP, F1, AUC, AP, UW_TPR, UW_FPR, UW_TP, UW_FP, UW_F1, UW_AUC, UW_AP, FwdTime, TPE, tr_time
mean, 1.0, 0.00038519828231073914, 6473.0, 146.4, 0.9888190222926474, 0.9998201668874852, 0.9798121873547296, 1.0, 0.002750072628259659, 492.0, 28.4, 0.9719772891983126, 0.9989961982993509, 0.9622514081914118, 0.18967742919921876, 5.40264904583141, 813.5004385471344
stderr, 0.0, 1.801127341533515e-05, 0.0, 6.8454364360499325, 0.0005174055697467512, 1.988578692978027e-05, 0.0020811380274643678, 0.0, 0.00026974701641699074, 0.0, 2.7856776554368237, 0.002675091835840416, 0.0002674705365482126, 0.009054106978282721, 0.019346679649109067, 0.017380384495153146, 66.23841744798533

1.0, 0.00036572787212207913, 6473.0, 139.0, 0.9893771494077187, 0.9998557368925846, 0.9836067273216333, 1.0, 0.002130337990820408, 492.0, 22.0, 0.978131212723658, 0.9993221651980245, 0.9733308198272183, 0.16225481033325195, 5.360610126394086, 792.3625483512878
1.0, 0.0004104571999050677, 6473.0, 156.0, 0.9880934208517783, 0.99984738131902, 0.9828550339089508, 1.0, 0.0030986734200268984, 492.0, 32.0, 0.9685039370078741, 0.9992576095025983, 0.9719315079324367, 0.26582837104797363, 5.3607032049086785, 868.26997590065
1.0, 0.0004209817270748317, 6473.0, 160.0, 0.9877918510605829, 0.9997454529550738, 0.9720299197557731, 1.0, 0.0034860074520111084, 492.0, 36.0, 0.9647058823529412, 0.9979342177463606, 0.9264225452912255, 0.17659926414489746, 5.4380530804659415, 803.5971715450287
1.0, 0.0004051949072163552, 6473.0, 154.0, 0.9882442748091603, 0.9998149577426176, 0.9792958984142609, 1.0, 0.0029050062876194715, 492.0, 30.0, 0.9704142011834319, 0.9991446370356025, 0.9661923897601747, 0.17986512184143066, 5.433316785168935, 596.7894110679626
1.0, 0.00032362970523536205, 6473.0, 123.0, 0.9905884153339964, 0.9998373055281307, 0.9812733573730307, 1.0, 0.002130337990820408, 492.0, 22.0, 0.978131212723658, 0.9993223620141691, 0.973379778146003, 0.16383957862854004, 5.420562032219413, 1006.4830858707428

[3]:
, TPR, FPR, TP, FP, F1, AUC, AP, UW_TPR, UW_FPR, UW_TP, UW_FP, UW_F1, UW_AUC, UW_AP, FwdTime, TPE, tr_time
mean, 0.969080924987793, 0.00013726995093747972, 21193.8, 1420.2, 0.9532665522732516, 0.9957768247248371, 0.9698474551523398, 0.9034987688064575, 0.0006323662004433572, 1110.4, 124.8, 0.9008843162723983, 0.9950546985602433, 0.9340602625881956, 0.6190420150756836, 5.40264904583141, 813.5004385471344
stderr, 0.00472783949915583, 4.462241685516934e-05, 103.39796903227838, 461.66518170639637, 0.010947154954376983, 0.0005026352733746701, 0.015527833779115121, 0.021008751464582257, 7.118059995648748e-05, 25.819759874948485, 14.047775624631823, 0.014261801653859945, 0.00031055785956338747, 0.01993465850491911, 0.011132657142158423, 0.017380384495153146, 66.23841744798533

0.9626886248588562, 0.00018393516074866056, 21054.0, 1903.0, 0.9393445914292724, 0.9967119392992663, 0.9864383812428505, 0.8722538352012634, 0.0005269718240015209, 1072.0, 104.0, 0.8914760914760914, 0.9952640954061452, 0.9489077824746822, 0.6192102432250977, 5.360610126394086, 792.3625483512878
0.979652464389801, 0.00022646352590527385, 21425.0, 2343.0, 0.9389105569919803, 0.9951960221835724, 0.9840642124033563, 0.9202603697776794, 0.0007600555545650423, 1131.0, 150.0, 0.9011952191235061, 0.9953351988384851, 0.9540429319246158, 0.6544311046600342, 5.3607032049086785, 868.26997590065
0.9559670686721802, 0.0002168946375604719, 20907.0, 2244.0, 0.9287665755980542, 0.9947940441855263, 0.9077586091948544, 0.8527258038520813, 0.0008461951510980725, 1048.0, 167.0, 0.8576104746317513, 0.9942064720483074, 0.8551069322074278, 0.6249821186065674, 5.4380530804659415, 803.5971715450287
0.9799725413322449, 3.76955940737389e-05, 21432.0, 390.0, 0.9810491623180446, 0.9972481522285824, 0.9849325805547339, 0.9739625453948975, 0.0005269718240015209, 1197.0, 104.0, 0.9462450592885374, 0.9959489534746486, 0.9639000753378744, 0.5854480266571045, 5.433316785168935, 596.7894110679626
0.9671239256858826, 2.1360836399253458e-05, 21151.0, 221.0, 0.978261875028907, 0.994933965727238, 0.9860434923659037, 0.898291289806366, 0.0005016366485506296, 1104.0, 99.0, 0.9078947368421052, 0.9945187730336303, 0.9483435909963783, 0.6111385822296143, 5.420562032219413, 1006.4830858707428

Namespace(compressed=True, dataset='OPTC', delta=0.25, encoder='GCN', fpweight=0.6, hidden=32, impl='DYNTEDGE', load=False, ngrus=1, nowrite=False, rnn='GRU', te_end=None, tests=5, threads=1, workers=8, zdim=16)

[0]:
, TPR, FPR, TP, FP, F1, AUC, AP, UW_TPR, UW_FPR, UW_TP, UW_FP, UW_F1, UW_AUC, UW_AP, FwdTime, TPE, tr_time
mean, 0.895388925075531, 9.425532334716991e-06, 7689.6, 50.8, 0.9384668359636861, 0.9997638878071896, 0.9966354588341781, 0.8210526227951049, 0.000435093033593148, 62.4, 39.0, 0.699195948735905, 0.986643025241268, 0.7348153750764197, 0.1374751091003418, 3.769430735582079, 478.14712405204773
stderr, 0.05285869675328941, 7.880620437557628e-07, 453.95050390984255, 4.2473521163190595, 0.030549321309219578, 8.967849391946072e-07, 0.0009295711747771458, 0.06716972717589195, 3.01424789801846e-05, 5.104899607240086, 2.701851217221259, 0.034955300287567694, 4.588721523392317e-05, 0.05229691783434498, 0.007069607501572814, 0.010898147303522166, 16.36441686519605

0.72356778383255, 7.97830489318585e-06, 6214.0, 43.0, 0.8371842371168744, 0.9997614823120816, 0.9943046725005874, 0.6184210777282715, 0.0003458431747276336, 47.0, 31.0, 0.6103896103896105, 0.9865273086941101, 0.6122662736779692, 0.16199994087219238, 3.7354448013698933, 462.32782077789307
0.9770610332489014, 8.720472578715999e-06, 8391.0, 47.0, 0.9856689768589216, 0.9997651893275434, 0.998052904074014, 0.9210526347160339, 0.00042393681360408664, 70.0, 38.0, 0.7608695652173912, 0.9867045606675888, 0.8059607158045681, 0.12055420875549316, 3.7875819670415556, 542.4783225059509
0.822310209274292, 1.131806038756622e-05, 7062.0, 61.0, 0.8989879702119533, 0.9997621234559644, 0.9945865081564467, 0.7105262875556946, 0.0005020304233767092, 54.0, 45.0, 0.6171428571428571, 0.9865526304046071, 0.623608225040283, 0.14212250709533691, 3.7665445269370568, 470.8283748626709
0.9996506571769714, 1.131806038756622e-05, 8585.0, 61.0, 0.9962864105837298, 0.9997661518859547, 0.9989086117556415, 0.9736841917037964, 0.0005020304233767092, 74.0, 45.0, 0.7589743589743589, 0.9867714980588156, 0.8833191420862724, 0.12859654426574707, 3.759985408884414, 451.8440806865692
0.9543549418449402, 7.792763426550664e-06, 8196.0, 42.0, 0.9742065850469512, 0.9997644920544044, 0.997324597684201, 0.8815789222717285, 0.0004016243328806013, 67.0, 36.0, 0.7486033519553074, 0.9866591283812189, 0.7489225187730063, 0.13410234451293945, 3.7975969736774764, 463.25702142715454

[1]:
, TPR, FPR, TP, FP, F1, AUC, AP, UW_TPR, UW_FPR, UW_TP, UW_FP, UW_F1, UW_AUC, UW_AP, FwdTime, TPE, tr_time
mean, 0.9359548926353455, 0.000375621407511062, 6307.4, 1718.8, 0.8567336991572804, 0.985696931442279, 0.9342932978352186, 0.7836633563041687, 0.0008483940153382718, 316.6, 66.8, 0.7988877029308162, 0.9891410079702613, 0.8651137731979966, 0.144083833694458, 3.769430735582079, 478.14712405204773
stderr, 0.01931662651675447, 8.94320716206686e-05, 130.17472873027236, 409.2307906304216, 0.022495631635177836, 0.0019279785455902246, 0.010831750908385972, 0.06374711311741611, 7.064497658449151e-05, 25.753834665928878, 5.562373594069353, 0.04048147303934614, 0.000826156495361421, 0.013107762599327546, 0.022254138022840573, 0.010898147303522166, 16.36441686519605

0.8976109027862549, 2.7098589271190576e-05, 6049.0, 124.0, 0.9369578686493184, 0.9835654636073754, 0.9533790504207893, 0.7252475023269653, 0.0005715229199267924, 293.0, 45.0, 0.7897574123989217, 0.9878278979135577, 0.8818494908590678, 0.13025307655334473, 3.7354448013698933, 462.32782077789307
0.9670574069023132, 0.0005164029425941408, 6517.0, 2363.0, 0.834496446635508, 0.9835563943539569, 0.9427068439377346, 0.8490098714828491, 0.0008763351361267269, 343.0, 69.0, 0.840686274509804, 0.988171283217962, 0.8901834433807073, 0.11870598793029785, 3.7875819670415556, 542.4783225059509
0.9718059301376343, 0.0003935851564165205, 6549.0, 1801.0, 0.8680495725362847, 0.9835904832086793, 0.9511041501521016, 0.9282178282737732, 0.0009144366485998034, 375.0, 72.0, 0.8813160987074031, 0.9883179835313376, 0.8774893194580765, 0.11450433731079102, 3.7665445269370568, 470.8283748626709
0.8808428645133972, 0.0004573979531414807, 5936.0, 2093.0, 0.8039003250270855, 0.9843896307612573, 0.8941495682920896, 0.5643564462661743, 0.0009144366485998034, 228.0, 72.0, 0.6477272727272727, 0.9890378100448957, 0.816730640236336, 0.23246288299560547, 3.759985408884414, 451.8440806865692
0.9624573588371277, 0.00048362239613197744, 6486.0, 2213.0, 0.8402642829382044, 0.9933826852801259, 0.9301268763733781, 0.8514851331710815, 0.0009652387234382331, 344.0, 76.0, 0.8349514563106796, 0.9923500651435528, 0.8593159720557955, 0.12449288368225098, 3.7975969736774764, 463.25702142715454

[2]:
, TPR, FPR, TP, FP, F1, AUC, AP, UW_TPR, UW_FPR, UW_TP, UW_FP, UW_F1, UW_AUC, UW_AP, FwdTime, TPE, tr_time
mean, 1.0, 9.580207843100652e-05, 6587.0, 36.4, 0.9972447588760496, 0.999982632969313, 0.9980224932621983, 1.0, 0.0016863406635820866, 252.0, 16.0, 0.9692595707080202, 0.9998102866779088, 0.987726811336483, 0.11807608604431152, 3.769430735582079, 478.14712405204773
stderr, 0.0, 7.042552256256489e-06, 0.0, 2.6758176320519302, 0.00020205565080927437, 1.1163413698678767e-05, 0.0015045008812723643, 0.0, 0.00014905285659438404, 0.0, 1.4142135623730951, 0.002647568267948621, 0.00012756870190673724, 0.009399567388128952, 0.016309846201912035, 0.010898147303522166, 16.36441686519605

1.0, 9.738123480929062e-05, 6587.0, 37.0, 0.9971993036106275, 0.9999942758522576, 0.9996704712220121, 1.0, 0.0017917369259521365, 252.0, 17.0, 0.9673704414587333, 0.999929735806633, 0.9973958333333334, 0.10794234275817871, 3.7354448013698933, 462.32782077789307
1.0, 7.106197881512344e-05, 6587.0, 27.0, 0.9979547004014847, 1.0, 1.0, 1.0, 0.001159359235316515, 252.0, 11.0, 0.9786407766990292, 1.0, 1.0, 0.1829071044921875, 3.7875819670415556, 542.4783225059509
1.0, 0.00010790893429657444, 6587.0, 41.0, 0.9968974650018918, 0.9999407770868192, 0.9921290427791245, 1.0, 0.0018971331883221865, 252.0, 18.0, 0.9655172413793104, 0.9993149241146712, 0.9506384295684922, 0.09716796875, 3.7665445269370568, 470.8283748626709
1.0, 0.0001105408591683954, 6587.0, 42.0, 0.996822033898305, 0.9999785478313458, 0.9983380933647694, 1.0, 0.0020025295671075583, 252.0, 19.0, 0.9636711281070746, 0.9998243395165823, 0.9912585553089159, 0.10297942161560059, 3.759985408884414, 451.8440806865692
1.0, 9.21173850656487e-05, 6587.0, 35.0, 0.9973502914679385, 0.9999995640761422, 0.999974858945086, 1.0, 0.0015809444012120366, 252.0, 15.0, 0.9710982658959537, 0.9999824339516583, 0.9993412384716731, 0.09938359260559082, 3.7975969736774764, 463.25702142715454

[3]:
, TPR, FPR, TP, FP, F1, AUC, AP, UW_TPR, UW_FPR, UW_TP, UW_FP, UW_F1, UW_AUC, UW_AP, FwdTime, TPE, tr_time
mean, 0.9394345045089721, 0.00017422045602870638, 20632.8, 1802.4, 0.9291776468460233, 0.9955152937346854, 0.9738951048589428, 0.8547008514404297, 0.0006966513232327997, 600.0, 123.2, 0.8406826794932807, 0.9922782181145389, 0.8769902768134761, 0.3664390563964844, 3.769430735582079, 478.14712405204773
stderr, 0.022142936522145946, 3.9167288602568635e-05, 486.32534377718787, 405.20570084834685, 0.00428815479051933, 0.0005962331275096857, 0.0017457577738025998, 0.03478234825747839, 4.4718140853159764e-05, 24.417207047490095, 7.908223567907018, 0.01959601651492135, 0.0004951839867377413, 0.007354029470617493, 0.01688779483009274, 0.010898147303522166, 16.36441686519605

0.8604926466941833, 2.049197610176634e-05, 18899.0, 212.0, 0.9202415153138238, 0.9948518226812261, 0.9788833744893789, 0.7962962985038757, 0.0005315358866937459, 559.0, 94.0, 0.8250922509225092, 0.9914881516981648, 0.8805767173880286, 0.31313347816467285, 3.7354448013698933, 462.32782077789307
0.9809224605560303, 0.00023005141702014953, 21544.0, 2380.0, 0.9390023318151112, 0.9948526780319051, 0.9757033922499109, 0.9045584201812744, 0.0006785565055906773, 635.0, 120.0, 0.8716540837336993, 0.9917176518414318, 0.900696962122445, 0.39209842681884766, 3.7875819670415556, 542.4783225059509
0.9218230843544006, 0.0001852977293310687, 20246.0, 1917.0, 0.9176449258940308, 0.9948532282951931, 0.9725804232707616, 0.9230769276618958, 0.0007746852934360504, 648.0, 137.0, 0.871553463349025, 0.9917234796621381, 0.8581161018672058, 0.3497307300567627, 3.7665445269370568, 470.8283748626709
0.9633018970489502, 0.00021313587785698473, 21157.0, 2205.0, 0.9335686707115279, 0.9951280805406971, 0.9739867278292882, 0.747863233089447, 0.0007690307102166116, 525.0, 136.0, 0.7703595011005135, 0.9922710209372051, 0.8651949046471425, 0.4103100299835205, 3.759985408884414, 451.8440806865692
0.9706324338912964, 0.00022212527983356267, 21318.0, 2298.0, 0.9354307904956229, 0.9978906591244058, 0.9683216064553742, 0.9017093777656555, 0.0007294482202269137, 633.0, 129.0, 0.8647540983606558, 0.9941907864337549, 0.8803666980425587, 0.36692261695861816, 3.7975969736774764, 463.25702142715454

Namespace(compressed=True, dataset='OPTC', delta=0.5, encoder='GCN', fpweight=0.6, hidden=32, impl='DYNTEDGE', load=False, ngrus=1, nowrite=False, rnn='LSTM', te_end=None, tests=5, threads=1, workers=8, zdim=16)

[0]:
, TPR, FPR, TP, FP, F1, AUC, AP, UW_TPR, UW_FPR, UW_TP, UW_FP, UW_F1, UW_AUC, UW_AP, FwdTime, TPE, tr_time
mean, 0.7891992568969727, 7.087708763720002e-06, 6780.8, 38.2, 0.8716446385961474, 0.9994612656361399, 0.9952382679659774, 0.7674418568611145, 0.0004196171008516103, 33.0, 33.6, 0.598458459999962, 0.9815736164006156, 0.6062195478750101, 0.11174449920654297, 2.7703816800972563, 322.53824148178103
stderr, 0.07335089567084598, 6.725741773692632e-07, 630.230941798322, 3.6249137920783716, 0.05090335344081379, 8.990814753666731e-05, 0.0008838409291723383, 0.062401892371372836, 3.318305182499981e-05, 2.6832815729997477, 2.657066051117284, 0.029087432964560556, 0.001949595067917841, 0.0379644738288883, 0.0029401177927344613, 0.013459254048863169, 19.079461166543435

0.894902229309082, 6.122889772086637e-06, 7689.0, 33.0, 0.9426259654284663, 0.9996207965568997, 0.9970484204191338, 0.8837209343910217, 0.0003871467197313905, 38.0, 31.0, 0.6785714285714286, 0.9837089063206567, 0.703918820057858, 0.11025524139404297, 2.7360621618937295, 292.43527245521545
0.86883145570755, 7.792768883518875e-06, 7465.0, 42.0, 0.9273867942108206, 0.999356416839615, 0.9958207144202736, 0.8372092843055725, 0.0004495897446759045, 36.0, 36.0, 0.6260869565217391, 0.9817191522038462, 0.6271537365133827, 0.11842870712280273, 2.8036529133000325, 345.1296944618225
0.9046787619590759, 9.091563697438687e-06, 7773.0, 49.0, 0.9471183136347021, 0.9992995687401127, 0.99633677343463, 0.8372092843055725, 0.0005245213978923857, 36.0, 42.0, 0.5950413223140496, 0.9768513556960665, 0.6376942295177946, 0.11698484420776367, 2.789916424839585, 380.58023023605347
0.764315664768219, 7.2361422098765615e-06, 6567.0, 39.0, 0.8641926569285432, 0.9997308217991476, 0.9950268247764522, 0.7441860437393188, 0.00041212394717149436, 32.0, 33.0, 0.5925925925925926, 0.9875983804313447, 0.58854907456772, 0.1112215518951416, 2.7809594650017586, 272.5908508300781
0.5132681727409363, 5.19517925567925e-06, 4410.0, 28.0, 0.6768994627782042, 0.9992987242449252, 0.9919586067793976, 0.5348837375640869, 0.00032470369478687644, 23.0, 26.0, 0.5, 0.9779902873511639, 0.47378187871829536, 0.10183215141296387, 2.741317435451176, 321.9551594257355

[1]:
, TPR, FPR, TP, FP, F1, AUC, AP, UW_TPR, UW_FPR, UW_TP, UW_FP, UW_F1, UW_AUC, UW_AP, FwdTime, TPE, tr_time
mean, 0.8971538782119751, 0.00033606671859161, 6052.2, 1537.8, 0.8462766231851099, 0.9874187412211601, 0.937419124113991, 0.6425675570964813, 0.000751423358451575, 190.2, 52.0, 0.6975850038050202, 0.9900492154968182, 0.7786771480068404, 0.11714963912963867, 2.7703816800972563, 322.53824148178103
stderr, 0.01989282566092607, 7.714969747645948e-05, 134.19701934096747, 353.0275343369126, 0.030414081098081695, 0.0025451789929143527, 0.014508859414942387, 0.07558361377958489, 4.087204011029345e-05, 22.372751283648597, 2.8284271247461903, 0.053518561859259954, 0.0011791237334772841, 0.021559656948042266, 0.009876254941215603, 0.013459254048863169, 19.079461166543435

0.9399644136428833, 0.00040341992280445993, 6341.0, 1846.0, 0.8492600281256278, 0.9920913579369547, 0.9519819840705261, 0.6554054021835327, 0.0007080720388330519, 194.0, 49.0, 0.719851576994434, 0.9918381567241066, 0.807557055174898, 0.10196423530578613, 2.7360621618937295, 292.43527245521545
0.8428698778152466, 0.00043969711987301707, 5686.0, 2012.0, 0.7873165328163945, 0.98403868036042, 0.8929257027671872, 0.41554054617881775, 0.0007369728991761804, 123.0, 51.0, 0.5234042553191489, 0.989533847053319, 0.7042989854533562, 0.10387396812438965, 2.8036529133000325, 345.1296944618225
0.868959367275238, 0.0004689811321441084, 5862.0, 2146.0, 0.7946319642130947, 0.9827811546160121, 0.9146288406069869, 0.712837815284729, 0.0008959278347902, 211.0, 62.0, 0.7416520210896309, 0.9874655532530305, 0.7664763071955774, 0.10522198677062988, 2.789916424839585, 380.58023023605347
0.9448562264442444, 4.283331873011775e-05, 6374.0, 196.0, 0.957344547912286, 0.9949733794631925, 0.9711706842126313, 0.8682432174682617, 0.0007658738177269697, 257.0, 53.0, 0.8481848184818481, 0.9936031619536071, 0.8311567900958785, 0.12022566795349121, 2.7809594650017586, 272.5908508300781
0.8891195058822632, 0.0003254020994063467, 5998.0, 1489.0, 0.8428300428581466, 0.9832091337292206, 0.9563884089126233, 0.5608108043670654, 0.0006502702017314732, 166.0, 45.0, 0.6548323471400395, 0.9878053585000278, 0.7838966021144922, 0.15446233749389648, 2.741317435451176, 321.9551594257355

[2]:
, TPR, FPR, TP, FP, F1, AUC, AP, UW_TPR, UW_FPR, UW_TP, UW_FP, UW_F1, UW_AUC, UW_AP, FwdTime, TPE, tr_time
mean, 1.0, 9.632846486056224e-05, 6587.0, 36.6, 0.9972295766059014, 0.9999557018251245, 0.994353388539149, 1.0, 0.0016330233542248608, 144.0, 14.4, 0.9524501286973909, 0.9993687155061617, 0.9267496235559818, 0.09088993072509766, 2.7703816800972563, 322.53824148178103
stderr, 0.0, 4.895663256081628e-06, 0.0, 1.8601075237738274, 0.00014040988645153642, 1.642352585449667e-05, 0.002233597733690293, 0.0, 0.00014611133336496604, 0.0, 1.2884098726725124, 0.004059137569891505, 0.00023314650253434613, 0.026975848384267722, 0.006110181546769011, 0.013459254048863169, 19.079461166543435

1.0, 8.422161045018584e-05, 6587.0, 32.0, 0.9975768590034834, 1.0, 1.0, 1.0, 0.00124744838103652, 144.0, 11.0, 0.963210702341137, 1.0, 1.0, 0.09495258331298828, 2.7360621618937295, 292.43527245521545
1.0, 0.0001105408591683954, 6587.0, 42.0, 0.996822033898305, 0.999914466225121, 0.9883505061055549, 1.0, 0.0020412791054695845, 144.0, 18.0, 0.9411764705882353, 0.9986958493989567, 0.8505934845837391, 0.08559894561767578, 2.8036529133000325, 345.1296944618225
1.0, 8.685353532200679e-05, 6587.0, 33.0, 0.9975013250548951, 0.9999276150631711, 0.9903106844730153, 1.0, 0.0013608528533950448, 144.0, 12.0, 0.9600000000000001, 0.9991305662659711, 0.8974217911717912, 0.08469605445861816, 2.789916424839585, 380.58023023605347
1.0, 0.00010264508455293253, 6587.0, 39.0, 0.9970483614621962, 0.999985961733437, 0.9982618832784225, 1.0, 0.0017010660376399755, 144.0, 15.0, 0.9504950495049505, 0.9997731911998186, 0.9745597065457693, 0.07676458358764648, 2.7809594650017586, 272.5908508300781
1.0, 9.738123480929062e-05, 6587.0, 37.0, 0.9971993036106275, 0.9999504661038934, 0.9948438688387522, 1.0, 0.0018144703935831785, 144.0, 16.0, 0.9473684210526316, 0.9992439706660619, 0.9111731354786095, 0.11243748664855957, 2.741317435451176, 321.9551594257355

[3]:
, TPR, FPR, TP, FP, F1, AUC, AP, UW_TPR, UW_FPR, UW_TP, UW_FP, UW_F1, UW_AUC, UW_AP, FwdTime, TPE, tr_time
mean, 0.9501410722732544, 0.0001560678098030621, 20878.4, 1614.6, 0.9390604421548086, 0.9959458052195993, 0.9830139877414025, 0.7558498978614807, 0.0006410787347704173, 342.4, 100.6, 0.7612351614866861, 0.9918357773899571, 0.7845357380671206, 0.2693344593048096, 2.7703816800972563, 322.53824148178103
stderr, 0.014848699714559615, 3.404751213652976e-05, 326.2852433071407, 352.23864069690023, 0.011545779656251327, 0.0008274510533647273, 0.0031046808752078834, 0.049590810142969566, 3.215456372015328e-05, 22.464638879803967, 5.045790324617146, 0.030765359920813428, 0.0009665343259877912, 0.02523165671215704, 0.00819126750990242, 0.013459254048863169, 19.079461166543435

0.9812960624694824, 0.00018471793737262487, 21563.0, 1911.0, 0.9489086428445695, 0.9974385902376137, 0.989966529252521, 0.7726269364356995, 0.000586274778470397, 350.0, 92.0, 0.7821229050279329, 0.993257101291463, 0.8390702733820083, 0.25417256355285645, 2.7360621618937295, 292.43527245521545
0.9513971209526062, 0.0002026967704296112, 20906.0, 2097.0, 0.9296307001356249, 0.9948723168260418, 0.9739848289268613, 0.6136865615844727, 0.0006818631081841886, 278.0, 107.0, 0.6634844868735084, 0.9914797641435454, 0.6997693943827376, 0.2904849052429199, 2.8036529133000325, 345.1296944618225
0.9531264305114746, 0.00021555258717853576, 20944.0, 2230.0, 0.9277930362363781, 0.9944420438714164, 0.9800688355733473, 0.8035320043563843, 0.0007328434730879962, 364.0, 115.0, 0.7811158798283262, 0.9896167140591823, 0.7606886933722161, 0.2808067798614502, 2.789916424839585, 380.58023023605347
0.9698734879493713, 2.7161559046362527e-05, 21312.0, 281.0, 0.9783551770835724, 0.9984197971954392, 0.990087455011752, 0.9028697609901428, 0.0006500002928078175, 409.0, 102.0, 0.8485477178423236, 0.9947522103436256, 0.8280439036237852, 0.274399995803833, 2.7809594650017586, 272.5908508300781
0.8950122594833374, 0.00015021019498817623, 19667.0, 1554.0, 0.9106146544738974, 0.994556277967485, 0.9809622899425312, 0.6865342259407043, 0.0005544120213016868, 311.0, 87.0, 0.7309048178613394, 0.9900730971119691, 0.7951064255748561, 0.24680805206298828, 2.741317435451176, 321.9551594257355

Namespace(compressed=True, dataset='OPTC', delta=1.0, encoder='GCN', fpweight=0.6, hidden=32, impl='DYNTEDGE', load=False, ngrus=1, nowrite=False, rnn='LSTM', te_end=None, tests=5, threads=1, workers=8, zdim=16)

[0]:
, TPR, FPR, TP, FP, F1, AUC, AP, UW_TPR, UW_FPR, UW_TP, UW_FP, UW_F1, UW_AUC, UW_AP, FwdTime, TPE, tr_time
mean, 0.969554603099823, 7.1641147769696545e-06, 8337.2, 38.6, 0.982106302900872, 0.9987890317359837, 0.9955513671851219, 0.8871794939041138, 0.0004638700047507882, 34.6, 32.2, 0.6544234724003829, 0.9794437401559678, 0.5666036504165877, 0.08072195053100586, 2.216470566010428, 256.64780502319337
stderr, 0.013700203536395042, 4.8964325495543e-07, 117.808064240102, 2.638181191654583, 0.007196839263180785, 0.00021762224269929604, 0.00041215436043620147, 0.017390588663761277, 1.9541121286637222e-05, 0.6782329983125267, 1.3564659966250536, 0.015352366093860915, 0.0027047301266265086, 0.019974834144496776, 0.00463874762681172, 0.011758132027857271, 6.221932645106659

0.936155378818512, 7.052755336189875e-06, 8050.0, 38.0, 0.9648229160424282, 0.9984858527902124, 0.9951781643716737, 0.8205128312110901, 0.0005186124471947551, 32.0, 36.0, 0.5981308411214953, 0.9742372629675269, 0.5238144034448825, 0.07802104949951172, 2.2422731782114784, 243.57233667373657
0.9886033535003662, 6.6815578065870795e-06, 8501.0, 36.0, 0.9921802054154996, 0.9996201546626693, 0.9942786163995847, 0.9230769276618958, 0.00046098881284706295, 36.0, 32.0, 0.6728971962616822, 0.9885336418412367, 0.5184237442676956, 0.07044625282287598, 2.194650581542482, 257.6017391681671
0.9363879561424255, 8.908743438951205e-06, 8052.0, 48.0, 0.9643691238996347, 0.9988308041553531, 0.9954000985706782, 0.8974359035491943, 0.0004898006445728242, 35.0, 34.0, 0.6481481481481483, 0.9825557471417216, 0.5707069434354514, 0.08318948745727539, 2.208612380027771, 274.5892696380615
0.9981393218040466, 7.238354555738624e-06, 8583.0, 39.0, 0.9968062249579003, 0.9984887999459562, 0.9964634578790277, 0.8974359035491943, 0.0004465829115360975, 35.0, 31.0, 0.6666666666666667, 0.9748448964695939, 0.6056787639341529, 0.09729385375976562, 2.1905342909422787, 242.25874781608582
0.9884870052337646, 5.939162747381488e-06, 8500.0, 32.0, 0.9923530441888974, 0.9985195471257275, 0.996436498704646, 0.8974359035491943, 0.00040336520760320127, 35.0, 28.0, 0.6862745098039216, 0.9770471523597605, 0.6143943970007559, 0.07465910911560059, 2.2462823993281313, 265.21693181991577

[1]:
, TPR, FPR, TP, FP, F1, AUC, AP, UW_TPR, UW_FPR, UW_TP, UW_FP, UW_F1, UW_AUC, UW_AP, FwdTime, TPE, tr_time
mean, 0.905868399143219, 0.00016228590047830948, 6112.8, 742.6, 0.9012151212619894, 0.9855563023446028, 0.9558414077855059, 0.6073469400405884, 0.0008927420363761485, 148.8, 55.4, 0.6455819108147993, 0.9898077970391457, 0.7007072682823038, 0.07918486595153809, 2.216470566010428, 256.64780502319337
stderr, 0.0189399328506641, 8.488790154458901e-05, 127.80665084415598, 388.43642980544445, 0.030239606572710943, 0.002141896417958459, 0.010226469781863042, 0.10228053222671185, 4.401348138676672e-05, 25.05873101336139, 2.7313000567495327, 0.07234676202570506, 0.0005814618377361036, 0.02766752778354793, 0.002474498282683657, 0.011758132027857271, 6.221932645106659

0.9548014402389526, 4.61113995697815e-05, 6443.0, 211.0, 0.9614982838382332, 0.9833184781581336, 0.9723592662490289, 0.8897958993911743, 0.0009346396545879543, 218.0, 58.0, 0.836852207293666, 0.9900034333702541, 0.7537754770526175, 0.08515810966491699, 2.2422731782114784, 243.57233667373657
0.8657379746437073, 0.00022268964676186442, 5842.0, 1019.0, 0.8585494893085458, 0.9941000395281372, 0.9236131375709212, 0.43673470616340637, 0.000982983154244721, 107.0, 61.0, 0.5181598062953996, 0.9910684029961088, 0.6122012714618151, 0.07229328155517578, 2.194650581542482, 257.6017391681671
0.8740367293357849, 1.1801022083091084e-05, 5898.0, 54.0, 0.9288188976377953, 0.9837436014040349, 0.9713377216656437, 0.3632653057575226, 0.0007251514471136034, 89.0, 45.0, 0.46965699208443273, 0.9882878006172172, 0.6961206985198577, 0.08220291137695312, 2.208612380027771, 274.5892696380615
0.8866330981254578, 0.0004691998765338212, 5983.0, 2147.0, 0.8042747681139938, 0.982879149476774, 0.9395174803056575, 0.5469387769699097, 0.0009024107130244374, 134.0, 56.0, 0.6160919540229886, 0.9886517904828556, 0.6769114320175988, 0.08187508583068848, 2.1905342909422787, 242.25874781608582
0.9481327533721924, 6.16275574429892e-05, 6398.0, 282.0, 0.9529341674113792, 0.9837402431559332, 0.9723794331362784, 0.800000011920929, 0.0009185252129100263, 196.0, 57.0, 0.78714859437751, 0.9910275577292925, 0.7645274623596298, 0.07439494132995605, 2.2462823993281313, 265.21693181991577

[2]:
, TPR, FPR, TP, FP, F1, AUC, AP, UW_TPR, UW_FPR, UW_TP, UW_FP, UW_F1, UW_AUC, UW_AP, FwdTime, TPE, tr_time
mean, 1.0, 9.001184516819195e-05, 6587.0, 34.2, 0.997410727773777, 0.9999654882957539, 0.9967291336167403, 1.0, 0.0015457070199772715, 90.0, 12.8, 0.9336747151383614, 0.9994445115324236, 0.9151958154255297, 0.05966644287109375, 2.216470566010428, 256.64780502319337
stderr, 0.0, 2.9307875013941387e-06, 0.0, 1.1135528725660042, 8.409605235436035e-05, 8.510584334425246e-06, 0.0009181245390264235, 0.0, 9.660669602453708e-05, 0.0, 0.7999999999999999, 0.0039016368266493445, 9.872196166670446e-05, 0.015507517848758225, 0.001781106346080039, 0.011758132027857271, 6.221932645106659

1.0, 8.158968557836488e-05, 6587.0, 31.0, 0.9976524043922756, 0.999996055907974, 0.9995478979581759, 1.0, 0.0014491003239527345, 90.0, 12.0, 0.9375, 0.9998188624562251, 0.9681462119893305, 0.05501079559326172, 2.2422731782114784, 243.57233667373657
1.0, 8.422161045018584e-05, 6587.0, 32.0, 0.9975768590034834, 0.9999683677506407, 0.9971017628063814, 1.0, 0.0012075835838913918, 90.0, 10.0, 0.9473684210526316, 0.999315702612406, 0.8837824929517576, 0.058490753173828125, 2.194650581542482, 257.6017391681671
1.0, 9.474930993746966e-05, 6587.0, 36.0, 0.9972747918243755, 0.9999454218135699, 0.9938438561680348, 1.0, 0.0016906170640140772, 90.0, 14.0, 0.9278350515463918, 0.9993962081874169, 0.9071045269549061, 0.06452560424804688, 2.208612380027771, 274.5892696380615
1.0, 9.474930993746966e-05, 6587.0, 36.0, 0.9972747918243755, 0.9999561762669107, 0.9961271385121611, 1.0, 0.0016906170640140772, 90.0, 14.0, 0.9278350515463918, 0.9992553234311476, 0.8876972475737281, 0.0572972297668457, 2.1905342909422787, 242.25874781608582
1.0, 9.474930993746966e-05, 6587.0, 36.0, 0.9972747918243755, 0.9999614197396751, 0.9970250126389479, 1.0, 0.0016906170640140772, 90.0, 14.0, 0.9278350515463918, 0.9994364609749224, 0.9292485976579261, 0.06300783157348633, 2.2462823993281313, 265.21693181991577

[3]:
, TPR, FPR, TP, FP, F1, AUC, AP, UW_TPR, UW_FPR, UW_TP, UW_FP, UW_F1, UW_AUC, UW_AP, FwdTime, TPE, tr_time
mean, 0.946936559677124, 9.860929876595037e-05, 20818.4, 1020.0, 0.9503386014964581, 0.9948024115304598, 0.9803543159818293, 0.7009063482284545, 0.0008155588293448091, 232.0, 105.8, 0.6869445933368016, 0.9898449025081419, 0.6813561795215118, 0.17045578956604004, 2.216470566010428, 256.64780502319337
stderr, 0.006981769159670166, 3.723004463641053e-05, 153.49416927036677, 385.10206439332416, 0.007548562624801663, 0.0005710497174234571, 0.002837666199272195, 0.07219848952249189, 4.646886647496778e-05, 23.89769863396892, 6.028266749240614, 0.043040092821298497, 0.0005032509264418783, 0.022636391349521463, 0.004781796184760108, 0.011758132027857271, 6.221932645106659

0.9431885480880737, 8.00475463620387e-05, 20736.0, 828.0, 0.9523065971664103, 0.9941676952715752, 0.9780414366227032, 0.8972809910774231, 0.0009789789328351617, 297.0, 127.0, 0.7867549668874172, 0.9893720107601282, 0.7166483263126281, 0.1631908416748047, 2.2422731782114784, 243.57233667373657
0.9365476369857788, 0.00014965410809963942, 20590.0, 1548.0, 0.9333000929220588, 0.9970746651380984, 0.9708250820405571, 0.5830815434455872, 0.0008556430111639202, 193.0, 111.0, 0.6078740157480315, 0.9914866653390665, 0.6097344783402997, 0.16090607643127441, 2.194650581542482, 257.6017391681671
0.9288151264190674, 1.3921312529419083e-05, 20420.0, 144.0, 0.9598345437025547, 0.9943973205123929, 0.9865543441596173, 0.5256797671318054, 0.0007245985907502472, 174.0, 94.0, 0.5809682804674458, 0.9893291482645743, 0.6731764255914662, 0.16832375526428223, 2.208612380027771, 274.5892696380615
0.9645212888717651, 0.0002148135972674936, 21205.0, 2222.0, 0.9338941249009072, 0.9940589215258807, 0.980880324005082, 0.6586102843284607, 0.0007477240869775414, 218.0, 97.0, 0.6749226006191951, 0.9886053997149532, 0.6660910194267622, 0.18796968460083008, 2.1905342909422787, 242.25874781608582
0.9616101980209351, 3.460992957116105e-05, 21141.0, 358.0, 0.9723576487903597, 0.9943134552043511, 0.9854703930811878, 0.8398791551589966, 0.0007708495249971747, 278.0, 100.0, 0.7842031029619182, 0.9904312884619868, 0.741130647936403, 0.1718885898590088, 2.2462823993281313, 265.21693181991577

Namespace(compressed=True, dataset='OPTC', delta=1.5, encoder='GCN', fpweight=0.6, hidden=32, impl='DYNTEDGE', load=False, ngrus=1, nowrite=False, rnn='LSTM', te_end=None, tests=5, threads=1, workers=8, zdim=16)

[0]:
, TPR, FPR, TP, FP, F1, AUC, AP, UW_TPR, UW_FPR, UW_TP, UW_FP, UW_F1, UW_AUC, UW_AP, FwdTime, TPE, tr_time
mean, 0.9709801197052002, 1.0320810361008625e-05, 8351.4, 55.6, 0.9815180523286193, 0.9988068880805685, 0.9955189170187412, 0.8399999976158142, 0.0006923367152921855, 21.0, 42.2, 0.4764088633369594, 0.9733737141732155, 0.5441913882302918, 0.059764766693115236, 1.9644002937102243, 182.21072735786439
stderr, 0.02233057459916087, 1.0143407720325325e-06, 192.06524932949216, 5.4644304369257, 0.011737827825129768, 0.0001981055079789382, 0.0011374681812820987, 0.04898979193564497, 4.932750119874294e-05, 1.224744871391589, 3.0066592756745814, 0.02218636049323502, 0.004262158562572734, 0.06597562534441803, 0.002385670796215532, 0.005867622204378858, 6.539032218901928

0.9881409406661987, 9.281304301111959e-06, 8499.0, 50.0, 0.991137026239067, 0.9987081047365675, 0.9975576209603563, 0.800000011920929, 0.0005906189908273518, 20.0, 36.0, 0.4938271604938272, 0.9705422210555674, 0.6929771807368872, 0.055248260498046875, 1.9570022465346695, 190.12818121910095
0.9982560276985168, 8.724426152184606e-06, 8586.0, 47.0, 0.9964024602529884, 0.9994807160439978, 0.996671065241676, 0.9599999785423279, 0.0006234311731532216, 24.0, 38.0, 0.5517241379310344, 0.9844079864813873, 0.6277272429745908, 0.060233116149902344, 1.9580568603322477, 195.19601011276245
0.8821067214012146, 8.167548003257252e-06, 7587.0, 44.0, 0.934820108427797, 0.998252765652819, 0.9911279386822821, 0.6800000071525574, 0.0006234311731532216, 17.0, 38.0, 0.425, 0.9600187029350483, 0.3157318182928769, 0.05618548393249512, 1.9503044562462049, 192.6740002632141
0.9981397390365601, 1.2065695045748726e-05, 8585.0, 65.0, 0.9953046200220277, 0.9988796226531653, 0.9956762184227992, 0.9200000166893005, 0.0008203041506931186, 23.0, 50.0, 0.46938775510204084, 0.9805279477630304, 0.48869273437795185, 0.06864356994628906, 1.976387789000326, 169.88047122955322
0.9882571697235107, 1.3365078302740585e-05, 8500.0, 72.0, 0.989926046701217, 0.9987132313162924, 0.9965617417865923, 0.8399999737739563, 0.0008038980886340141, 21.0, 49.0, 0.4421052631578948, 0.9713717126310436, 0.5958279647691523, 0.05851340293884277, 1.9802501164376736, 163.17497396469116

[1]:
, TPR, FPR, TP, FP, F1, AUC, AP, UW_TPR, UW_FPR, UW_TP, UW_FP, UW_F1, UW_AUC, UW_AP, FwdTime, TPE, tr_time
mean, 0.8877296924591065, 0.0004439369484316558, 5990.4, 2031.4, 0.8112594554121448, 0.9858680569659221, 0.865297829833214, 0.511711710691452, 0.0011100863805040718, 113.6, 66.2, 0.5463884804816302, 0.9860368820232994, 0.6427011934067199, 0.06414632797241211, 1.9644002937102243, 182.21072735786439
stderr, 0.015097024671132308, 3.289257924017826e-05, 101.87472699349922, 150.5123250767192, 0.00940306219484294, 0.001001934753401915, 0.062116032015871785, 0.10109176329086567, 3.689108046025963e-05, 22.442370641266933, 2.1999999999999997, 0.080751778419706, 0.0013780198001733196, 0.027226616415255343, 0.004308426771461516, 0.005867622204378858, 6.539032218901928

0.946206271648407, 0.000488212623167783, 6385.0, 2234.0, 0.8310014967137371, 0.9851857884954968, 0.8897722033389643, 0.7567567825317383, 0.001073195249773562, 168.0, 64.0, 0.7400881057268722, 0.9846945797142829, 0.7409272528725184, 0.06680727005004883, 1.9570022465346695, 190.12818121910095
0.8820391297340393, 0.0004716037947218865, 5952.0, 2158.0, 0.8011845470453627, 0.9875608701980725, 0.9450960417108933, 0.315315306186676, 0.001039657974615693, 70.0, 62.0, 0.39548022598870053, 0.9861995683954266, 0.6451497232993036, 0.05993032455444336, 1.9580568603322477, 195.19601011276245
0.8707765340805054, 0.00031294560176320374, 5876.0, 1432.0, 0.836084234490609, 0.9829918457975482, 0.9293263105267683, 0.2522522509098053, 0.001039657974615693, 56.0, 62.0, 0.32941176470588235, 0.9830748540105461, 0.6083627703009361, 0.05452680587768555, 1.9503044562462049, 192.6740002632141
0.8792234659194946, 0.0004711667133960873, 5933.0, 2156.0, 0.7997573633483858, 0.9886357487252779, 0.9422978604445472, 0.707207202911377, 0.0012073446996510029, 157.0, 72.0, 0.6962305986696231, 0.9911736713656726, 0.6394667702113211, 0.05995035171508789, 1.976387789000326, 169.88047122955322
0.8604030609130859, 0.00047575600910931826, 5806.0, 2177.0, 0.7882696354626298, 0.9849660316132152, 0.6199967331448969, 0.5270270109176636, 0.0011905760038644075, 117.0, 71.0, 0.5707317073170731, 0.9850417366305687, 0.5795994503495204, 0.07951688766479492, 1.9802501164376736, 163.17497396469116

[2]:
, TPR, FPR, TP, FP, F1, AUC, AP, UW_TPR, UW_FPR, UW_TP, UW_FP, UW_F1, UW_AUC, UW_AP, FwdTime, TPE, tr_time
mean, 1.0, 8.948734175646677e-05, 6227.0, 34.0, 0.9972774476617221, 0.9999828725559109, 0.9982059584851429, 1.0, 0.0016670693410560488, 72.0, 13.8, 0.9125826222809759, 0.9996979946847064, 0.942630225193642, 0.05393805503845215, 1.9644002937102243, 182.21072735786439
stderr, 0.0, 4.077447835766995e-06, 0.0, 1.5491933384829666, 0.00012367720254512283, 1.0767250326108202e-05, 0.0011429763820291774, 0.0, 5.9180693125136516e-05, 0.0, 0.48989794855663565, 0.0028259946557767424, 0.0001619479548376244, 0.03273544876464521, 0.0014094269923132067, 0.005867622204378858, 6.539032218901928

1.0, 8.948734466684982e-05, 6227.0, 34.0, 0.9972773862908392, 0.9999978071758922, 0.9998555808668139, 1.0, 0.0018120318418368697, 72.0, 15.0, 0.9056603773584906, 0.9998993315615688, 0.9879569892473118, 0.05266261100769043, 1.9570022465346695, 190.12818121910095
1.0, 8.422337850788608e-05, 6227.0, 32.0, 0.9974371295851353, 1.0, 0.9999999999999999, 1.0, 0.001570427673868835, 72.0, 13.0, 0.9171974522292993, 1.0, 1.0, 0.05117225646972656, 1.9580568603322477, 195.19601011276245
1.0, 8.422337850788608e-05, 6227.0, 32.0, 0.9974371295851353, 0.9999995608434371, 0.9999727079023524, 1.0, 0.001570427673868835, 72.0, 13.0, 0.9171974522292993, 0.9999798663123137, 0.9976831393921539, 0.05290555953979492, 1.9503044562462049, 192.6740002632141
1.0, 0.00010527922859182581, 6227.0, 40.0, 0.996798463262366, 0.9999455458542231, 0.9942793029482198, 1.0, 0.0018120318418368697, 72.0, 15.0, 0.9056603773584906, 0.9993557219940405, 0.8812643133538656, 0.05360126495361328, 1.976387789000326, 169.88047122955322
1.0, 8.422337850788608e-05, 6227.0, 32.0, 0.9974371295851353, 0.9999714489060018, 0.9969222007083288, 1.0, 0.001570427673868835, 72.0, 13.0, 0.9171974522292993, 0.9992550535556093, 0.8462466839748788, 0.05934858322143555, 1.9802501164376736, 163.17497396469116

[3]:
, TPR, FPR, TP, FP, F1, AUC, AP, UW_TPR, UW_FPR, UW_TP, UW_FP, UW_F1, UW_AUC, UW_AP, FwdTime, TPE, tr_time
mean, 0.9157162427902221, 0.00022007027146173642, 20136.6, 2276.2, 0.9068739223492942, 0.9951133035557385, 0.927497687001939, 0.5941818237304688, 0.0011528214439749719, 163.4, 135.0, 0.5604192707043789, 0.9854156926554796, 0.5643789169941429, 0.13133640289306642, 1.9644002937102243, 182.21072735786439
stderr, 0.016220430000624928, 3.145945962413592e-05, 356.68720190104943, 325.3870618202267, 0.0047924386592868295, 0.00039532677300085326, 0.015945817966759555, 0.08236664901498643, 2.98269093453084e-05, 22.65082779944256, 3.4928498393145957, 0.05604953247349961, 0.001141269794292342, 0.030524205407369876, 0.00519957640908689, 0.005867622204378858, 6.539032218901928

0.9290586709976196, 0.0002688759414013475, 20430.0, 2781.0, 0.9039623017189885, 0.9948091042185634, 0.9485043490494028, 0.7854545712471008, 0.0011613608803600073, 216.0, 136.0, 0.6889952153110048, 0.9842490280589747, 0.6739224317160604, 0.12452316284179688, 1.9570022465346695, 190.12818121910095
0.9575261473655701, 0.0002853120968211442, 21056.0, 2951.0, 0.9155379698676002, 0.996048322514309, 0.8732482388344366, 0.44727271795272827, 0.0012125973589718342, 123.0, 142.0, 0.45555555555555555, 0.9863200387534312, 0.5555578214715647, 0.1279306411743164, 1.9580568603322477, 195.19601011276245
0.8697589635848999, 0.00010538467176957056, 19126.0, 1090.0, 0.9063166374449131, 0.9939419556615268, 0.9377421635258515, 0.37090909481048584, 0.0010418089805170894, 102.0, 122.0, 0.4088176352705411, 0.9825533635991006, 0.511180906089201, 0.1503291130065918, 1.9503044562462049, 192.6740002632141
0.9354252219200134, 0.00021927747002337128, 20570.0, 2268.0, 0.9177299901847059, 0.9959495739479735, 0.9648008077193829, 0.7599999904632568, 0.0011955185327678919, 209.0, 140.0, 0.6698717948717948, 0.9893014135065643, 0.5766558298940374, 0.12048888206481934, 1.976387789000326, 169.88047122955322
0.8868122100830078, 0.00022150117729324847, 19501.0, 2291.0, 0.8908227125302637, 0.9948175614363197, 0.9131928758806218, 0.607272744178772, 0.0011528214672580361, 167.0, 135.0, 0.5788561525129984, 0.9846546193593263, 0.5045775957998511, 0.13341021537780762, 1.9802501164376736, 163.17497396469116

Namespace(compressed=True, dataset='OPTC', delta=2.0, encoder='GCN', fpweight=0.6, hidden=32, impl='DYNTEDGE', load=False, ngrus=1, nowrite=False, rnn='LSTM', te_end=None, tests=5, threads=1, workers=8, zdim=16)

[0]:
, TPR, FPR, TP, FP, F1, AUC, AP, UW_TPR, UW_FPR, UW_TP, UW_FP, UW_F1, UW_AUC, UW_AP, FwdTime, TPE, tr_time
mean, 0.9952513933181762, 9.614007103664335e-06, 8551.2, 51.8, 0.994609075116253, 0.9994075959668851, 0.9970366373666455, 0.9037037134170532, 0.0006317434541415423, 24.4, 38.0, 0.547513449617253, 0.9679902492307939, 0.6591593301289829, 0.05750632286071777, 1.6883569850711198, 172.26617541313172
stderr, 0.0024328485299778975, 9.137785793203501e-07, 20.903109816484243, 4.923413450036468, 0.0009463103640695849, 6.205683449356071e-05, 0.00039221233583575533, 0.02222221692403335, 5.177773037924273e-05, 0.6, 3.1144823004794873, 0.010519410883597672, 0.002922248725936986, 0.056577090000321344, 0.0020106479142530066, 0.009820398871565708, 9.68665764190278

0.9892923831939697, 6.867147931188811e-06, 8500.0, 37.0, 0.992468912370833, 0.9993094766267236, 0.9957355536124026, 0.8518518805503845, 0.00048211999819613993, 23.0, 29.0, 0.5822784810126582, 0.9649034497748568, 0.47029078537333574, 0.0607144832611084, 1.6718033985658125, 145.90524315834045
0.9991852641105652, 1.0950317118840758e-05, 8585.0, 59.0, 0.9961708052912509, 0.9995718352233925, 0.9968252897442346, 0.9259259104728699, 0.0007148676086217165, 25.0, 43.0, 0.5263157894736842, 0.9794988168664417, 0.621910358723833, 0.06226325035095215, 1.7096217019217355, 155.54241061210632
0.9993016719818115, 1.1321513738948852e-05, 8586.0, 61.0, 0.9961134636579848, 0.9995466834176063, 0.9969218216371875, 0.9629629850387573, 0.0007314924150705338, 26.0, 44.0, 0.5360824742268041, 0.9669877105580585, 0.65908793418136, 0.053174495697021484, 1.6859216309608298, 200.17614579200745
0.9892923831939697, 7.980739610502496e-06, 8500.0, 43.0, 0.9921213889699446, 0.9993080521165115, 0.9978188415731438, 0.8518518805503845, 0.0005319945048540831, 23.0, 32.0, 0.5609756097560975, 0.9646599268384443, 0.7985198489967859, 0.05233049392700195, 1.711653445140425, 181.8461570739746
0.9991852641105652, 1.0950317118840758e-05, 8585.0, 59.0, 0.9961708052912509, 0.9993019324501915, 0.9978816802662587, 0.9259259104728699, 0.0006982427439652383, 25.0, 42.0, 0.5319148936170213, 0.9639013421161681, 0.7459877233695991, 0.05904889106750488, 1.6627847487667957, 177.86092042922974

[1]:
, TPR, FPR, TP, FP, F1, AUC, AP, UW_TPR, UW_FPR, UW_TP, UW_FP, UW_F1, UW_AUC, UW_AP, FwdTime, TPE, tr_time
mean, 0.86896653175354, 0.0006382008839864283, 5869.0, 2919.0, 0.7601310355789899, 0.9844645996383985, 0.7831376958746621, 0.4651376187801361, 0.0012729498092085123, 101.4, 67.6, 0.5024641207356992, 0.9920444609908188, 0.6085489540693885, 0.05853986740112305, 1.6883569850711198, 172.26617541313172
stderr, 0.005900354714683592, 0.00014612808018390426, 39.850972384623184, 668.3598581602579, 0.02772053363467279, 0.001368722079959623, 0.08887430604092961, 0.10571976327661106, 0.00022967177440296285, 23.04690868641606, 12.19672087079146, 0.07218770349900738, 0.0004834590873715375, 0.030718830552542712, 0.0024696909798630844, 0.009820398871565708, 9.68665764190278

0.8642286062240601, 0.00046766415471211076, 5837.0, 2139.0, 0.7925322471147318, 0.9825031787807825, 0.745989475822463, 0.5825688242912292, 0.0008850391022861004, 127.0, 47.0, 0.6479591836734694, 0.9925985735374527, 0.6796337936276121, 0.06800603866577148, 1.6718033985658125, 145.90524315834045
0.8479419350624084, 0.0004429582040756941, 5727.0, 2026.0, 0.7895498724753567, 0.9865088386963353, 0.8310548251376754, 0.3302752375602722, 0.0010168533772230148, 72.0, 54.0, 0.4186046511627907, 0.9915662151061295, 0.5834479331130459, 0.05643415451049805, 1.7096217019217355, 155.54241061210632
0.8799229860305786, 0.0012105921050533652, 5943.0, 5537.0, 0.6518591641987496, 0.9888498851604592, 0.45900584320390325, 0.8256880640983582, 0.002165521029382944, 180.0, 115.0, 0.7017543859649124, 0.9936723075022741, 0.5048263387288298, 0.05515575408935547, 1.6859216309608298, 200.17614579200745
0.8774060010910034, 0.00046110505354590714, 5926.0, 2109.0, 0.801406450740415, 0.9818920119669003, 0.9481010415641592, 0.2568807303905487, 0.0010733453091233969, 56.0, 57.0, 0.338368580060423, 0.9910553266032588, 0.6569702076543688, 0.0586237907409668, 1.711653445140425, 181.8461570739746
0.8753331303596497, 0.0006086849025450647, 5912.0, 2784.0, 0.7653074433656959, 0.9825690835875156, 0.931537293645109, 0.3302752375602722, 0.0012239902280271053, 72.0, 65.0, 0.4056338028169014, 0.9913298822049791, 0.617866497223086, 0.05447959899902344, 1.6627847487667957, 177.86092042922974

[2]:
, TPR, FPR, TP, FP, F1, AUC, AP, UW_TPR, UW_FPR, UW_TP, UW_FP, UW_F1, UW_AUC, UW_AP, FwdTime, TPE, tr_time
mean, 1.0, 9.369653998874128e-05, 6587.0, 35.6, 0.9973050694175326, 0.9999585750068629, 0.9948716647455121, 1.0, 0.001278863218612969, 54.0, 10.8, 0.9094893588938596, 0.9995895006907439, 0.9013609755415682, 0.04628200531005859, 1.6883569850711198, 172.26617541313172
stderr, 0.0, 4.895663256081628e-06, 0.0, 1.8601075237738274, 0.0001404458946843154, 1.818602009405674e-05, 0.002522916829606953, 0.0, 0.00014694698616125445, 0.0, 1.2409673645990855, 0.009537668174138758, 0.00016797255047131652, 0.043272991981819324, 0.0018654684259733984, 0.009820398871565708, 9.68665764190278

1.0, 8.685353532200679e-05, 6587.0, 33.0, 0.9975013250548951, 0.9999600380488407, 0.9967682094677948, 1.0, 0.0011841326486319304, 54.0, 10.0, 0.9152542372881356, 0.9996644957568581, 0.9290461322798522, 0.04105710983276367, 1.6718033985658125, 145.90524315834045
1.0, 0.00010527700942475349, 6587.0, 40.0, 0.9969729075223248, 0.9999232154686722, 0.9897335389582143, 1.0, 0.001657785614952445, 54.0, 14.0, 0.8852459016393442, 0.9992697848825735, 0.8206014328358939, 0.04671645164489746, 1.7096217019217355, 155.54241061210632
1.0, 0.00010264508455293253, 6587.0, 39.0, 0.9970483614621962, 0.9999122590359455, 0.9880442905642626, 1.0, 0.0015393723733723164, 54.0, 13.0, 0.8925619834710743, 0.9991316360765738, 0.7794733044733044, 0.045458078384399414, 1.6859216309608298, 200.17614579200745
1.0, 7.895776070654392e-05, 6587.0, 30.0, 0.9977279612238715, 0.9999986806410829, 0.9999060869910403, 1.0, 0.0008288928074762225, 54.0, 7.0, 0.9391304347826086, 0.9999407933688573, 0.9888420040593953, 0.05267190933227539, 1.711653445140425, 181.8461570739746
1.0, 9.474930993746966e-05, 6587.0, 36.0, 0.9972747918243755, 0.9999986818397737, 0.9999061977462486, 1.0, 0.0011841326486319304, 54.0, 10.0, 0.9152542372881356, 0.9999407933688572, 0.9888420040593953, 0.04550647735595703, 1.6627847487667957, 177.86092042922974

[3]:
, TPR, FPR, TP, FP, F1, AUC, AP, UW_TPR, UW_FPR, UW_TP, UW_FP, UW_F1, UW_AUC, UW_AP, FwdTime, TPE, tr_time
mean, 0.9497159004211426, 0.00024159311142284422, 20892.8, 2499.0, 0.9206741738020853, 0.9939451467521001, 0.9409189715373714, 0.5323076903820038, 0.0011292606825008989, 138.4, 119.6, 0.5217634522838459, 0.9894559204840105, 0.5572107618220385, 0.12076001167297364, 1.6883569850711198, 172.26617541313172
stderr, 0.005433126531470818, 2.6918784800893023e-05, 119.52338683287049, 278.44353107946324, 0.004602855840310691, 0.00031555127431152994, 0.02803075829961238, 0.09164506312770389, 8.048421474409018e-05, 23.827714955488283, 8.524083528450433, 0.05838075824714996, 0.0004998544129716841, 0.02821417975110907, 0.001592846290844571, 0.009820398871565708, 9.68665764190278

0.9351788759231567, 0.00021607066446449608, 20573.0, 2235.0, 0.9182940165599126, 0.9934325609867035, 0.9526668718155747, 0.6230769157409668, 0.0009630818385630846, 162.0, 102.0, 0.6183206106870229, 0.9892286266278335, 0.5471381506544278, 0.12012243270874023, 1.6718033985658125, 145.90524315834045
0.9519069194793701, 0.00020659643632825464, 20941.0, 2137.0, 0.9291212813630012, 0.9942335221835262, 0.9443422537786423, 0.41923075914382935, 0.0011802474036812782, 109.0, 125.0, 0.4412955465587045, 0.9896795174422406, 0.46828052557665484, 0.12282919883728027, 1.7096217019217355, 155.54241061210632
0.9619982838630676, 0.00034890338429249823, 21163.0, 3609.0, 0.9049624767484125, 0.9950559392041209, 0.8342581398121951, 0.8500000238418579, 0.0014162968145683408, 221.0, 150.0, 0.7004754358161648, 0.9912636273178242, 0.5353148644217581, 0.1256864070892334, 1.6859216309608298, 200.17614579200745
0.9391790628433228, 0.0002164573670597747, 20661.0, 2239.0, 0.9203323013875587, 0.9934052281075585, 0.9854339151341484, 0.3499999940395355, 0.0010102917440235615, 91.0, 107.0, 0.39737991266375544, 0.9885680694058091, 0.6255045843205551, 0.11846804618835449, 1.711653445140425, 181.8461570739746
0.9603163599967957, 0.0002199377049691975, 21126.0, 2275.0, 0.9306607929515417, 0.9935984832785915, 0.9878936771462962, 0.41923075914382935, 0.001076385611668229, 109.0, 114.0, 0.4513457556935818, 0.9885397616263447, 0.6098156841367967, 0.11669397354125977, 1.6627847487667957, 177.86092042922974

Namespace(compressed=True, dataset='OPTC', delta=2.5, encoder='GCN', fpweight=0.6, hidden=32, impl='DYNTEDGE', load=False, ngrus=1, nowrite=False, rnn='LSTM', te_end=None, tests=5, threads=1, workers=8, zdim=16)

[0]:
, TPR, FPR, TP, FP, F1, AUC, AP, UW_TPR, UW_FPR, UW_TP, UW_FP, UW_F1, UW_AUC, UW_AP, FwdTime, TPE, tr_time
mean, 0.6657757043838501, 8.380023064091802e-06, 5729.0, 45.2, 0.7660552602751596, 0.9983769417132375, 0.9572687722644211, 0.5818181931972504, 0.0006664061278570443, 12.8, 32.4, 0.3760254032514056, 0.9680537350717733, 0.41189127143069915, 0.048456001281738284, 1.5031275970144655, 152.19486989974976
stderr, 0.12913504379717924, 1.0212087891680982e-06, 1111.2070464139435, 5.508175741568165, 0.10082954096633515, 0.00042985603028251835, 0.02194906824035381, 0.10890135482605416, 6.225033650855455e-05, 2.3958297101421877, 3.026549190084311, 0.05609021451253353, 0.006660764461991275, 0.04057353020117025, 0.0005934649708398132, 0.006001168256650113, 5.1777170583238625

0.583497941493988, 6.48895593258203e-06, 5021.0, 35.0, 0.7350852792621332, 0.999231845589228, 0.990121635220463, 0.5, 0.0006376107921823859, 11.0, 31.0, 0.34375000000000006, 0.9840438362106846, 0.35680123462397617, 0.0463101863861084, 1.503979517618815, 146.23600244522095
0.2707728147506714, 1.1494721547933295e-05, 2330.0, 62.0, 0.4237519323451851, 0.9978268071530749, 0.9039337592504479, 0.27272728085517883, 0.0008021555258892477, 6.0, 39.0, 0.17910447761194032, 0.9622519441520244, 0.3407198035588479, 0.04826211929321289, 1.483823299407959, 149.65658020973206
0.8965717554092407, 7.601348443131428e-06, 7715.0, 41.0, 0.9430963877513598, 0.9978083540106429, 0.9937934948710627, 0.7272727489471436, 0.0006170427077449858, 16.0, 30.0, 0.4705882352941176, 0.9554453085120109, 0.42921147339582866, 0.049256086349487305, 1.511671627109701, 169.43586826324463
0.9976757764816284, 1.0011532140197232e-05, 8585.0, 54.0, 0.9957086522848527, 0.9995821456978589, 0.9953373996713833, 0.9090909361839294, 0.0008021555258892477, 20.0, 39.0, 0.4938271604938271, 0.9840298125125045, 0.562772098471167, 0.04868888854980469, 1.5186839073896408, 156.73206424713135
0.5803602337837219, 6.303557256615022e-06, 4994.0, 34.0, 0.7326340497322673, 0.9974355561153834, 0.9031575723087486, 0.5, 0.00047306608757935464, 11.0, 23.0, 0.3928571428571429, 0.9544977739716424, 0.3699517471036759, 0.049762725830078125, 1.4974796335462113, 138.9138343334198

[1]:
, TPR, FPR, TP, FP, F1, AUC, AP, UW_TPR, UW_FPR, UW_TP, UW_FP, UW_F1, UW_AUC, UW_AP, FwdTime, TPE, tr_time
mean, 0.8902222275733948, 0.0008056438397034072, 6009.0, 3449.8, 0.7665405736731765, 0.9872671782105431, 0.863240578656187, 0.6356807589530945, 0.001939588086679578, 135.4, 87.2, 0.6137504474368635, 0.9880750254750026, 0.5859760349762893, 0.05779409408569336, 1.5031275970144655, 152.19486989974976
stderr, 0.014685580945706314, 0.0003509525497298538, 99.12769542363023, 1502.7932126543556, 0.07316653072234681, 0.003221183888418612, 0.059162147965589974, 0.10189631992734345, 0.00026778556855412184, 21.703916697223107, 12.039102956615995, 0.08424190384677371, 0.002127233715696654, 0.056209656074898584, 0.0010468703278543687, 0.006001168256650113, 5.1777170583238625

0.936296284198761, 4.6473163820337504e-05, 6320.0, 199.0, 0.9525962770367021, 0.9931146719087499, 0.9692152482573752, 0.8215962648391724, 0.0013790648663416505, 175.0, 62.0, 0.7777777777777778, 0.9915709539649631, 0.7333192025188786, 0.05914187431335449, 1.503979517618815, 146.23600244522095
0.8588148355484009, 0.0012907396303489804, 5797.0, 5527.0, 0.6414739404669692, 0.9819162824456842, 0.8789601358780145, 0.3849765360355377, 0.0024467280600219965, 82.0, 110.0, 0.4049382716049383, 0.9828604245548322, 0.4169972685912898, 0.056344032287597656, 1.483823299407959, 149.65658020973206
0.9096296429634094, 0.00025618623476475477, 6140.0, 1097.0, 0.8779581039536714, 0.9824650784607241, 0.9400907447484491, 0.6338028311729431, 0.0016237377421930432, 135.0, 73.0, 0.6413301662707839, 0.9875807404594835, 0.6229733540004417, 0.05446767807006836, 1.511671627109701, 169.43586826324463
0.8842962980270386, 0.0005065341247245669, 5969.0, 2169.0, 0.8018538420204191, 0.9969154747917156, 0.6356921685924014, 0.9014084339141846, 0.0015347658190876245, 192.0, 69.0, 0.810126582278481, 0.9941006493906571, 0.6539254709718472, 0.05878162384033203, 1.5186839073896408, 156.73206424713135
0.862074077129364, 0.001928286044858396, 5819.0, 8257.0, 0.5588207048881206, 0.9819243834458415, 0.892244595804695, 0.43661972880363464, 0.0027136439457535744, 93.0, 122.0, 0.43457943925233644, 0.9842623590050765, 0.5026648787989887, 0.06023526191711426, 1.4974796335462113, 138.9138343334198

[2]:
, TPR, FPR, TP, FP, F1, AUC, AP, UW_TPR, UW_FPR, UW_TP, UW_FP, UW_F1, UW_AUC, UW_AP, FwdTime, TPE, tr_time
mean, 1.0, 9.370443149236962e-05, 5513.0, 35.6, 0.9967816936125912, 0.9999777158897685, 0.996839149230572, 1.0, 0.0015239477390423418, 42.0, 12.6, 0.8699594489124165, 0.9994597645541041, 0.8299377647779116, 0.04488019943237305, 1.5031275970144655, 152.19486989974976
stderr, 0.0, 2.7099615465101645e-06, 0.0, 1.0295630140987, 9.277359284888503e-05, 7.681112822852602e-06, 0.001120406244844824, 0.0, 0.00012452381995441803, 0.0, 1.0295630140987, 0.009247967397318348, 0.0001517084963894956, 0.04290967792291076, 0.003132309663748569, 0.006001168256650113, 5.1777170583238625

1.0, 8.949299808591604e-05, 5513.0, 34.0, 0.9969258589511755, 0.9999951763866308, 0.9993779835984142, 1.0, 0.001330430619418621, 42.0, 11.0, 0.8842105263157896, 0.9997782615707144, 0.9250996810207337, 0.0412440299987793, 1.503979517618815, 146.23600244522095
1.0, 9.212514123646542e-05, 5513.0, 35.0, 0.9968357291384143, 0.9999723803612993, 0.9958770704165765, 1.0, 0.0014513788046315312, 42.0, 12.0, 0.8750000000000001, 0.9992541525560394, 0.7625194522253345, 0.040547847747802734, 1.483823299407959, 149.65658020973206
1.0, 0.0001000215852400288, 5513.0, 38.0, 0.9965654374548083, 0.9999732335531325, 0.9961690094508996, 1.0, 0.0018142234766855836, 42.0, 15.0, 0.8484848484848484, 0.9993751007901951, 0.7956702783639655, 0.042083740234375, 1.511671627109701, 169.43586826324463
1.0, 0.0001000215852400288, 5513.0, 38.0, 0.9965654374548083, 0.9999539276410079, 0.9934811155326053, 1.0, 0.0018142234766855836, 42.0, 15.0, 0.8484848484848484, 0.9990525721657797, 0.7282515073212747, 0.043245792388916016, 1.5186839073896408, 156.73206424713135
1.0, 8.686084765940905e-05, 5513.0, 33.0, 0.997016005063749, 0.9999938615067715, 0.9992905671543644, 1.0, 0.001209482317790389, 42.0, 10.0, 0.8936170212765957, 0.9998387356877922, 0.9381479049582497, 0.05727958679199219, 1.4974796335462113, 138.9138343334198

[3]:
, TPR, FPR, TP, FP, F1, AUC, AP, UW_TPR, UW_FPR, UW_TP, UW_FP, UW_F1, UW_AUC, UW_AP, FwdTime, TPE, tr_time
mean, 0.7808307528495788, 0.00018367450538789854, 17181.4, 1900.2, 0.833703669538035, 0.9950253428680128, 0.9153362893996041, 0.6422764301300049, 0.0011886738473549485, 158.0, 116.2, 0.5961970897355587, 0.9866335736529346, 0.5709085817609376, 0.09750638008117676, 1.5031275970144655, 152.19486989974976
stderr, 0.05483606755494544, 7.345953490135483e-05, 1206.6128873835219, 759.9737758633518, 0.043046285258899496, 0.0012179932968289877, 0.02414283176509165, 0.0963165932517625, 5.8353299458135875e-05, 23.69388106663828, 5.704384278780664, 0.06386572704457408, 0.0014287634875005753, 0.04086709185004898, 0.004474607709257109, 0.006001168256650113, 5.1777170583238625

0.7604981064796448, 2.5035100406967103e-05, 16734.0, 259.0, 0.8582198630663896, 0.9971811724578727, 0.9685810153505078, 0.792682945728302, 0.0011047915322706103, 195.0, 108.0, 0.7103825136612022, 0.9889321038909886, 0.6688345956229921, 0.09005260467529297, 1.503979517618815, 146.23600244522095
0.6145700812339783, 0.00022483259090222418, 13523.0, 2326.0, 0.7145008321665389, 0.9930111588115366, 0.8857553045407376, 0.3983739912509918, 0.0013400712050497532, 98.0, 131.0, 0.41263157894736846, 0.9835138308521265, 0.43528541301878776, 0.08797693252563477, 1.483823299407959, 149.65658020973206
0.9042446613311768, 2.9481489036697894e-05, 19897.0, 305.0, 0.942851727242572, 0.9934580894883408, 0.9792045434112815, 0.6544715166091919, 0.001115021063014865, 161.0, 109.0, 0.624031007751938, 0.9861315563521853, 0.6222224888112315, 0.11223912239074707, 1.511671627109701, 169.43586826324463
0.8986093401908875, 0.0002185496559832245, 19773.0, 2261.0, 0.8979971842499659, 0.9986956079292562, 0.8672452454881967, 0.9065040946006775, 0.001319612143561244, 223.0, 129.0, 0.7458193979933111, 0.9908082908931712, 0.6007976906607481, 0.1027841567993164, 1.5186839073896408, 156.73206424713135
0.726231575012207, 0.000420473690610379, 15980.0, 4350.0, 0.7549487409647091, 0.9927806856530574, 0.8758953382072966, 0.4593496024608612, 0.0010638732928782701, 113.0, 104.0, 0.48812095032397407, 0.9837820862762007, 0.5274027206909286, 0.09447908401489258, 1.4974796335462113, 138.9138343334198

Namespace(compressed=True, dataset='OPTC', delta=3.0, encoder='GCN', fpweight=0.6, hidden=32, impl='DYNTEDGE', load=False, ngrus=1, nowrite=False, rnn='LSTM', te_end=None, tests=5, threads=1, workers=8, zdim=16)

[0]:
, TPR, FPR, TP, FP, F1, AUC, AP, UW_TPR, UW_FPR, UW_TP, UW_FP, UW_F1, UW_AUC, UW_AP, FwdTime, TPE, tr_time
mean, 0.9916560053825378, 7.542278126493329e-06, 8533.2, 40.6, 0.993451361404133, 0.9985216936001724, 0.9964540573629097, 0.8333333373069763, 0.0006033667770680041, 20.0, 30.0, 0.542812324929972, 0.9699024724630103, 0.6435377599831811, 0.04697742462158203, 1.356119679263504, 142.5136559009552
stderr, 0.002410204364702979, 6.815521069659224e-07, 20.739816778361373, 3.668787265568828, 0.0010719158086559119, 0.00021992303957087264, 0.0005419898596624286, 0.018633895369831285, 5.759265262752072e-05, 0.4472135954999579, 2.8635642126552705, 0.014167626312839039, 0.0036661388157267338, 0.06923866188599977, 0.0011264351463575518, 0.006202382097551158, 8.973544923538162

0.9876815676689148, 5.758882252848707e-06, 8499.0, 31.0, 0.9920046688065364, 0.99895888385905, 0.9975515861749705, 0.7916666865348816, 0.0005028056330047548, 19.0, 25.0, 0.5588235294117647, 0.9688713018644034, 0.7911929591473643, 0.04692482948303223, 1.3431333315025256, 177.074134349823
0.9975595474243164, 8.173897185770329e-06, 8584.0, 44.0, 0.9962281668891082, 0.9977956760781806, 0.9975178543560778, 0.875, 0.0006033667596057057, 21.0, 30.0, 0.56, 0.9587183986645482, 0.8087233025352455, 0.04472661018371582, 1.3790869516869113, 134.86945796012878
0.9877977967262268, 8.359667845070362e-06, 8500.0, 45.0, 0.9912536443148688, 0.9987107472103091, 0.9960419935263565, 0.8333333134651184, 0.000663703482132405, 20.0, 33.0, 0.5194805194805195, 0.9818281846034205, 0.5884947453242818, 0.048380374908447266, 1.3539972430781315, 137.70877957344055
0.9876815676689148, 6.130423116701422e-06, 8499.0, 33.0, 0.9918888953725856, 0.9988943554594357, 0.9965383505936792, 0.7916666865348816, 0.0004625811998266727, 19.0, 23.0, 0.5757575757575758, 0.9695999510602495, 0.5872059591831789, 0.05042219161987305, 1.356541721444381, 138.16935467720032
0.9975595474243164, 9.288520232075825e-06, 8584.0, 50.0, 0.9958814316375659, 0.9982488053938863, 0.9946205021634645, 0.875, 0.0007843768107704818, 21.0, 39.0, 0.4999999999999999, 0.9704945261224299, 0.44207183372583475, 0.0444331169128418, 1.347839148605571, 124.74655294418335

[1]:
, TPR, FPR, TP, FP, F1, AUC, AP, UW_TPR, UW_FPR, UW_TP, UW_FP, UW_F1, UW_AUC, UW_AP, FwdTime, TPE, tr_time
mean, 0.5065706610679627, 0.00040567437099525705, 3376.8, 1597.8, 0.5368824572409505, 0.9900263574588861, 0.7128236995697116, 0.44466020464897155, 0.0012501032557338475, 91.6, 45.4, 0.48667256128665104, 0.9875495067569791, 0.6015140685581443, 0.05996260643005371, 1.356119679263504, 142.5136559009552
stderr, 0.15717261876228983, 9.338010498932232e-05, 1047.7126705351998, 367.78939625823904, 0.13373172669348937, 0.0007922783874265574, 0.07081392494268225, 0.13564118235745348, 0.00014376492236273637, 27.942082957431786, 5.221110992882645, 0.12724271555668346, 0.0013633674099879554, 0.06688330636738962, 0.0030305248407166393, 0.006202382097551158, 8.973544923538162

0.7715271711349487, 0.00043314587674103677, 5143.0, 1706.0, 0.7610802811690714, 0.9919669163754259, 0.9322745599520198, 0.1990291327238083, 0.0008535947417840362, 41.0, 31.0, 0.29496402877697836, 0.9879578447708701, 0.6927086051175783, 0.053272247314453125, 1.3431333315025256, 177.074134349823
0.9248424768447876, 0.0005545079475268722, 6165.0, 2184.0, 0.8211788211788211, 0.9875720570129691, 0.7386137931002047, 0.7669903039932251, 0.0013216950464993715, 158.0, 48.0, 0.7669902912621359, 0.9873463201993451, 0.7172384609572698, 0.06333565711975098, 1.3790869516869113, 134.86945796012878
0.1579657942056656, 0.00036916419048793614, 1053.0, 1454.0, 0.2295868309168211, 0.9910830053920892, 0.6901662409163964, 0.5776699185371399, 0.001459371647797525, 119.0, 53.0, 0.6296296296296297, 0.9896729874024601, 0.6499509826266033, 0.07002997398376465, 1.3539972430781315, 137.70877957344055
0.1503150314092636, 0.000600716972257942, 1002.0, 2366.0, 0.19972094877416782, 0.9906211786765059, 0.4871130643922426, 0.05339805781841278, 0.0009912713430821896, 11.0, 36.0, 0.08695652173913043, 0.9825285759083112, 0.34575508484231265, 0.055281877517700195, 1.356541721444381, 138.16935467720032
0.5282028317451477, 7.083686796249822e-05, 3521.0, 279.0, 0.6728454041658705, 0.9888886298374401, 0.7159508394876942, 0.6262136101722717, 0.001624583499506116, 129.0, 59.0, 0.6548223350253808, 0.9902418055039083, 0.6019172092469576, 0.05789327621459961, 1.347839148605571, 124.74655294418335

[2]:
, TPR, FPR, TP, FP, F1, AUC, AP, UW_TPR, UW_FPR, UW_TP, UW_FP, UW_F1, UW_AUC, UW_AP, FwdTime, TPE, tr_time
mean, 0.5994566261768342, 8.212298562284558e-05, 3089.0, 31.2, 0.6714007445821951, 0.9999447386037353, 0.9914747820094343, 0.6000000059604644, 0.0014271891675889492, 21.6, 11.8, 0.5664458510419926, 0.9990109122184594, 0.7136301843077203, 0.04480452537536621, 1.356119679263504, 142.5136559009552
stderr, 0.18718162171885852, 3.6661560383631625e-06, 964.5468884403701, 1.3928388277184118, 0.16264079329258194, 1.797320573731062e-05, 0.0029170086551748775, 0.18708286854219652, 0.00016846139119261713, 6.734983296193095, 1.3928388277184118, 0.14337579275360757, 0.0002671766226980612, 0.07194662857557807, 0.004017409130689916, 0.006202382097551158, 8.973544923538162

1.0, 8.159655408235267e-05, 5153.0, 31.0, 0.9970010641385314, 0.9999983899617416, 0.9998223503969254, 1.0, 0.0010885341325774789, 36.0, 9.0, 0.888888888888889, 0.9999328065365801, 0.9788323971894193, 0.03815603256225586, 1.3431333315025256, 177.074134349823
1.0, 6.843582377769053e-05, 5153.0, 26.0, 0.9974835462640341, 0.9999732765318646, 0.9959596436980743, 1.0, 0.0020561199635267258, 36.0, 17.0, 0.8089887640449438, 0.9991936784389615, 0.7399122807017544, 0.05220222473144531, 1.3790869516869113, 134.86945796012878
0.16611681878566742, 8.686084765940905e-05, 856.0, 33.0, 0.28334988414432305, 0.9999004079983035, 0.9833395771898841, 0.1666666716337204, 0.001330430619418621, 6.0, 11.0, 0.22641509433962262, 0.9983873568779229, 0.5743664112721838, 0.05672097206115723, 1.3539972430781315, 137.70877957344055
0.16611681878566742, 8.949299808591604e-05, 856.0, 34.0, 0.28330299520105906, 0.999919251881993, 0.9878673231781333, 0.1666666716337204, 0.0014513788046315312, 6.0, 12.0, 0.2222222222222222, 0.9986292533462344, 0.6099206349206349, 0.03756284713745117, 1.356541721444381, 138.16935467720032
0.6650494933128357, 8.422870450885966e-05, 3427.0, 32.0, 0.7958662331630283, 0.9999323666447733, 0.9903850155841545, 0.6666666865348816, 0.001209482317790389, 24.0, 10.0, 0.6857142857142857, 0.9989114658925979, 0.6651191974546092, 0.039380550384521484, 1.347839148605571, 124.74655294418335

[3]:
, TPR, FPR, TP, FP, F1, AUC, AP, UW_TPR, UW_FPR, UW_TP, UW_FP, UW_F1, UW_AUC, UW_AP, FwdTime, TPE, tr_time
mean, 0.7248944044113159, 0.00012877640983788297, 15960.0, 1331.4, 0.7949290897273767, 0.9944460515648885, 0.9460643915188177, 0.49218107759952545, 0.0010232373140752315, 119.6, 97.8, 0.49148310945353463, 0.9875273753894233, 0.5367377513122238, 0.08350925445556641, 1.356119679263504, 142.5136559009552
stderr, 0.10571850615238333, 3.922997648431496e-05, 2327.604326340712, 405.5928500355991, 0.06933702625287642, 0.0004081584058617559, 0.012351763900192181, 0.11826963375270805, 7.887957538256286e-05, 28.739519828974178, 7.539230729988305, 0.09384438114895545, 0.0008394635264113712, 0.04019531959957994, 0.0027374613751755756, 0.006202382097551158, 8.973544923538162

0.9348230957984924, 0.00017274648416787386, 20582.0, 1786.0, 0.9274304382111074, 0.9951914069350115, 0.9850996460712627, 0.3086419701576233, 0.0007951537263579667, 75.0, 76.0, 0.3807106598984772, 0.9873341153120185, 0.5911061501979694, 0.08623743057250977, 1.3431333315025256, 177.074134349823
0.973338782787323, 0.00021569129603449255, 21430.0, 2230.0, 0.9383278236311492, 0.9929230858479335, 0.9454434484551796, 0.7860082387924194, 0.0010881051421165466, 191.0, 104.0, 0.7100371747211897, 0.9859357503888904, 0.6498699113152431, 0.0741426944732666, 1.3790869516869113, 134.86945796012878
0.48412591218948364, 3.3079115382861346e-05, 10659.0, 342.0, 0.6456478284572051, 0.9949519442247388, 0.9530394552068991, 0.5802469253540039, 0.001171805546618998, 141.0, 112.0, 0.5685483870967741, 0.9895234145179799, 0.5177183071750346, 0.08068537712097168, 1.3539972430781315, 137.70877957344055
0.4817640781402588, 0.00018706142145674676, 10607.0, 1934.0, 0.6138665432027316, 0.9948683051086804, 0.9083958006694933, 0.1358024626970291, 0.0008788541308604181, 33.0, 84.0, 0.18333333333333332, 0.9854831267281237, 0.4116375539668282, 0.08725118637084961, 1.356541721444381, 138.16935467720032
0.7504201531410217, 3.5303732147440314e-05, 16522.0, 365.0, 0.8493728151346905, 0.9942955157080781, 0.9383436071912533, 0.6502057909965515, 0.0011822680244222283, 158.0, 113.0, 0.6147859922178989, 0.9893604700001039, 0.5133568339060433, 0.08922958374023438, 1.347839148605571, 124.74655294418335

Namespace(compressed=True, dataset='OPTC', delta=4.0, encoder='GCN', fpweight=0.6, hidden=32, impl='DYNTEDGE', load=False, ngrus=1, nowrite=False, rnn='LSTM', te_end=None, tests=5, threads=1, workers=8, zdim=16)

[0]:
, TPR, FPR, TP, FP, F1, AUC, AP, UW_TPR, UW_FPR, UW_TP, UW_FP, UW_F1, UW_AUC, UW_AP, FwdTime, TPE, tr_time
mean, 0.9474968075752258, 2.19007029045315e-06, 8157.0, 11.8, 0.9702841974912054, 0.9991749825178227, 0.9953445129305626, 0.7636363506317139, 0.00017047875735443085, 16.8, 7.2, 0.7328870096311957, 0.9845569274216809, 0.6815739700514605, 0.048180675506591795, 1.109110733114815, 107.99224443435669
stderr, 0.04226754474988268, 5.262645101313081e-07, 363.88129932712945, 2.8354893757515653, 0.02382686867065864, 0.00015448813538855891, 0.0005242525208522734, 0.050616047593753155, 5.3156091163743564e-05, 1.1135528725660042, 2.244994432064365, 0.03967859287483602, 0.002584989466944464, 0.05909158382833328, 0.0004383651978273607, 0.0069187889171784065, 2.664735479428584

0.9972122311592102, 1.8559917407401372e-06, 8585.0, 10.0, 0.9980237154150198, 0.9991939032250585, 0.9972999836832973, 0.9090909361839294, 0.00014206563355401158, 20.0, 6.0, 0.8333333333333333, 0.9755286563604506, 0.9079383071361257, 0.048680782318115234, 1.1001279280735896, 102.54647970199585
0.7786037921905518, 1.4847934153294773e-06, 6703.0, 8.0, 0.8750652741514361, 0.999693840116219, 0.9941224802728889, 0.5909090638160706, 9.471041994402185e-05, 13.0, 4.0, 0.6666666666666667, 0.9915454803755699, 0.5630255853907902, 0.04698944091796875, 1.09101848418896, 117.58764886856079
0.9872226715087891, 1.4847934153294773e-06, 8499.0, 8.0, 0.9931058658565085, 0.9990941139608482, 0.9951135421214717, 0.7727272510528564, 9.471041994402185e-05, 17.0, 4.0, 0.7906976744186046, 0.9862190953432607, 0.6327440642180021, 0.04858541488647461, 1.107925854410444, 108.9542784690857
0.9872226715087891, 1.8559917407401372e-06, 8499.0, 10.0, 0.9929898352611286, 0.9987264850382733, 0.9950936182491867, 0.7727272510528564, 0.00014206563355401158, 17.0, 6.0, 0.7555555555555555, 0.9842662309987215, 0.6665332204093185, 0.04733157157897949, 1.1146193100855901, 103.6618583202362
0.9872226715087891, 4.268781140126521e-06, 8499.0, 23.0, 0.9922362967719339, 0.9991665702487148, 0.9950929403259681, 0.7727272510528564, 0.0003788416797760874, 17.0, 16.0, 0.6181818181818182, 0.9852251740304021, 0.6376286731030657, 0.0493161678314209, 1.1318620888154898, 107.21095681190491

[1]:
, TPR, FPR, TP, FP, F1, AUC, AP, UW_TPR, UW_FPR, UW_TP, UW_FP, UW_F1, UW_AUC, UW_AP, FwdTime, TPE, tr_time
mean, 0.276007866859436, 0.005201696511358022, 1684.2, 16776.2, 0.12185818464152287, 0.9936528749410917, 0.14803412890419768, 0.21875, 0.009167488804087043, 7.0, 241.6, 0.04407103806728113, 0.9872404331410791, 0.04759700127242407, 0.05207953453063965, 1.109110733114815, 107.99224443435669
stderr, 0.13863404092216366, 0.0009687086181009005, 845.9449391065592, 3124.2211093326923, 0.044416809833791454, 0.0007200628156174353, 0.020065111188632814, 0.1284675299443404, 0.0017105788166964816, 4.110960958218893, 45.080594494749064, 0.0182616789153221, 0.0012386579237525018, 0.005246630994910054, 0.002048549328034741, 0.0069187889171784065, 2.664735479428584

0.0, 0.004799791611731052, 0.0, 15480.0, 0.0, 0.9923487506858477, 0.11401089732886685, 0.0, 0.009258556179702282, 0.0, 244.0, 0.0, 0.9845759894133719, 0.03748191721845084, 0.050844430923461914, 1.1001279280735896, 102.54647970199585
0.1451983004808426, 0.0025521372444927692, 886.0, 8231.0, 0.11643340561140679, 0.9945844426863375, 0.16069034156709264, 0.09375, 0.0035668208729475737, 3.0, 94.0, 0.046511627906976744, 0.9890938045457995, 0.052513148835908685, 0.05537986755371094, 1.09101848418896, 117.58764886856079
0.1451983004808426, 0.006342050153762102, 886.0, 20454.0, 0.06457255302091684, 0.9918135738187331, 0.10868533521031667, 0.09375, 0.010662518441677094, 3.0, 281.0, 0.0189873417721519, 0.9844277671321241, 0.03757438927036853, 0.05817985534667969, 1.107925854410444, 108.9542784690857
0.2903966009616852, 0.004100596997886896, 1772.0, 13225.0, 0.16797004597374282, 0.9937658120856068, 0.13750877934960512, 0.1875, 0.008271989412605762, 6.0, 218.0, 0.046875, 0.9873679043029521, 0.04501565152389175, 0.048690080642700195, 1.1146193100855901, 103.6618583202362
0.7992461323738098, 0.008213906548917294, 4877.0, 26491.0, 0.2603149186015479, 0.9957517954289329, 0.21927529106510696, 0.71875, 0.014077559113502502, 23.0, 371.0, 0.107981220657277, 0.9907367003111482, 0.0653998995135005, 0.04730343818664551, 1.1318620888154898, 107.21095681190491

[2]:
, TPR, FPR, TP, FP, F1, AUC, AP, UW_TPR, UW_FPR, UW_TP, UW_FP, UW_F1, UW_AUC, UW_AP, FwdTime, TPE, tr_time
mean, 0.29992409646511076, 1.1580470891203732e-05, 1975.6, 4.4, 0.39584766813389644, 0.9999736867409205, 0.9974236924284019, 0.3, 0.00035116153303533794, 9.0, 2.6, 0.373715084813483, 0.9992504051863857, 0.7694166063890997, 0.032225942611694335, 1.109110733114815, 107.99224443435669
stderr, 0.1433251522697561, 5.558286957544049e-06, 944.0827612026395, 2.1118712081942874, 0.1507966785953387, 5.920214829489863e-06, 0.0006420663038984928, 0.14337208374218594, 0.00012525146237530205, 4.3011626335213125, 0.9273618495495702, 0.14736477575712598, 0.00016903762680401313, 0.052867439064483164, 0.0005455811305600573, 0.0069187889171784065, 2.664735479428584

0.0, 5.263850653136615e-06, 0.0, 2.0, 0.0, 0.9999719474406885, 0.9975319879111424, 0.0, 0.00027012426289729774, 0.0, 2.0, 0.0, 0.9990995858094724, 0.7350464576074331, 0.03308725357055664, 1.1001279280735896, 102.54647970199585
0.1662365198135376, 1.5791551049915142e-05, 1095.0, 6.0, 0.2848595213319459, 0.9999653294692339, 0.9964470764742266, 0.1666666716337204, 0.0004051863797940314, 5.0, 3.0, 0.2631578947368421, 0.9989870340356564, 0.6875973286365652, 0.03332877159118652, 1.09101848418896, 117.58764886856079
0.16729922592639923, 2.6319253265683074e-06, 1102.0, 1.0, 0.28660598179453833, 0.9999680229272775, 0.9970988354123596, 0.1666666716337204, 0.00013506213144864887, 5.0, 1.0, 0.2777777777777778, 0.9990433099225644, 0.7265129279835163, 0.032427310943603516, 1.107925854410444, 108.9542784690857
0.33292850852012634, 3.1583102099830285e-05, 2193.0, 12.0, 0.49886260236578706, 0.9999662073104031, 0.9962227679177633, 0.3333333432674408, 0.0008103727595880628, 10.0, 6.0, 0.43478260869565216, 0.9992121375832883, 0.7194880892797559, 0.03024601936340332, 1.1146193100855901, 103.6618583202362
0.8331562280654907, 2.6319253265683074e-06, 5488.0, 1.0, 0.9089102351772109, 0.9999969265569989, 0.9998177944265175, 0.8333333134651184, 0.00013506213144864887, 25.0, 1.0, 0.8928571428571429, 0.9999099585809472, 0.9784382284382284, 0.03204035758972168, 1.1318620888154898, 107.21095681190491

[3]:
, TPR, FPR, TP, FP, F1, AUC, AP, UW_TPR, UW_FPR, UW_TP, UW_FP, UW_F1, UW_AUC, UW_AP, FwdTime, TPE, tr_time
mean, 0.5255351006984711, 0.006855853833258152, 11564.4, 70915.8, 0.22854442554842858, 0.9893918914882249, 0.2612545441987077, 0.12446351647377014, 0.0067400307394564155, 29.0, 569.6, 0.06914074652375665, 0.9798113334988926, 0.10704492379148034, 0.0918510913848877, 1.109110733114815, 107.99224443435669
stderr, 0.0848839389099855, 0.0015896399008531314, 1867.871050153088, 16442.96778382783, 0.02086942728764101, 0.0007474536890420635, 0.06156087757578273, 0.02817621856952993, 0.0013409345175769945, 6.56505902486794, 113.32237201894425, 0.008165041101614855, 0.0009829181577383113, 0.011934537628532174, 0.0023575192725670373, 0.0069187889171784065, 2.664735479428584

0.3901385962963104, 0.005984145682305098, 8585.0, 61899.0, 0.18564369816951207, 0.9883535824578721, 0.44893641878729346, 0.08154506236314774, 0.006803928408771753, 19.0, 575.0, 0.045949214026602174, 0.977285213472464, 0.15242509949343921, 0.09647798538208008, 1.1001279280735896, 102.54647970199585
0.3798227608203888, 0.0023340480402112007, 8358.0, 24143.0, 0.306681833192676, 0.9915357145259245, 0.2079292285776973, 0.08154506236314774, 0.0024020825512707233, 19.0, 203.0, 0.08351648351648351, 0.983073847064852, 0.0959761605862862, 0.09505844116210938, 1.09101848418896, 117.58764886856079
0.4618041217327118, 0.006621433887630701, 10162.0, 68491.0, 0.20191142283772776, 0.9876000106019952, 0.11431784515987567, 0.09871244430541992, 0.006673766300082207, 23.0, 564.0, 0.05609756097560976, 0.9790109914107227, 0.08503186199438957, 0.09546518325805664, 1.107925854410444, 108.9542784690857
0.5547375679016113, 0.007077454589307308, 12207.0, 73208.0, 0.227276112455781, 0.9887218398539742, 0.35714716480157616, 0.1287553608417511, 0.006945923436433077, 30.0, 587.0, 0.07058823529411765, 0.9789337219406191, 0.10819596411842532, 0.08546781539916992, 1.1146193100855901, 103.6618583202362
0.841172456741333, 0.012262186966836452, 18510.0, 126838.0, 0.22120906108644603, 0.9907483100013582, 0.17794206366709586, 0.23175965249538422, 0.010874453000724316, 54.0, 919.0, 0.08955223880597016, 0.9807528936058052, 0.09359553276486139, 0.08678603172302246, 1.1318620888154898, 107.21095681190491

