Namespace(compressed=True, dataset='OPTC', delta=0.125, encoder='GCN', fpweight=0.6, hidden=32, impl='TEDGE', load=False, ngrus=1, nowrite=False, rnn='GRU', te_end=None, tests=5, threads=1, workers=8, zdim=16)

[0]:
, TPR, FPR, TP, FP, F1, AUC, AP, UW_TPR, UW_FPR, UW_TP, UW_FP, UW_F1, UW_AUC, UW_AP, FwdTime, TPE, tr_time
mean, 0.9702880620956421, 0.0002109499939251691, 21220.2, 2182.6, 0.9373896306640838, 0.9948967899462484, 0.9727872421207845, 0.9461350798606872, 0.0002877916500438005, 1162.8, 56.8, 0.9495291763310976, 0.994432504223618, 0.9612552349437993, 1.526267671585083, 3.2394512236118316, 733.9298125743866
stderr, 0.0069514701987706574, 1.6136920170883719e-06, 152.02874728155857, 16.69610733075228, 0.003731143566875269, 1.421447215081646e-05, 0.008146465956371042, 0.014977707098166242, 3.723291572690525e-06, 18.407607123143407, 0.7348469228349535, 0.008075849662359252, 3.136064531837488e-05, 0.0035573337339587746, 0.015940467710212052, 0.025847826812038628, 7.255211964658194

TEdgeRecurrent, 0.9715135097503662, 0.00021379152894951403, 21247.0, 2212.0, 0.9374572569436784, 0.9948410623391354, 0.9407784236050982, 0.9104963541030884, 0.0002888049930334091, 1119.0, 57.0, 0.9305613305613305, 0.9943680158587354, 0.9512749696448712, 1.5115323066711426, 3.2244189315372043, 744.6128070354462
TEdgeRecurrent, 0.979195237159729, 0.00021388818277046084, 21415.0, 2213.0, 0.9413600597828476, 0.9949178922006763, 0.9850413875205044, 0.9650121927261353, 0.0002888049930334091, 1186.0, 57.0, 0.9595469255663431, 0.994523743320691, 0.9692907911160753, 1.5789389610290527, 3.320168048143387, 717.4341144561768
TEdgeRecurrent, 0.9456332921981812, 0.00021301831293385476, 20681.0, 2204.0, 0.9241872416489778, 0.9949048549230659, 0.9760354739840721, 0.970707893371582, 0.00029387176618911326, 1193.0, 58.0, 0.9620967741935483, 0.9944334342966963, 0.9554992108405956, 1.5390503406524658, 3.2752911514706082, 749.6509714126587
TEdgeRecurrent, 0.968267023563385, 0.0002074125804938376, 21176.0, 2146.0, 0.9371570189414056, 0.994904054221956, 0.9793393898993481, 0.9088690280914307, 0.00029387176618911326, 1117.0, 58.0, 0.9292845257903494, 0.9943603435803736, 0.9614907607707338, 1.518810749053955, 3.1791255474090576, 715.3688952922821
TEdgeRecurrent, 0.9868312478065491, 0.00020663936447817832, 21582.0, 2138.0, 0.9467865760035096, 0.9949160860464094, 0.9827415355949, 0.9755899310112, 0.0002736047317739576, 1199.0, 54.0, 0.9661563255439162, 0.9944769840615941, 0.9687204423467196, 1.4830060005187988, 3.1982524394989014, 742.5822746753693

[0]:
, TPR, FPR, TP, FP, F1, AUC, AP, UW_TPR, UW_FPR, UW_TP, UW_FP, UW_F1, UW_AUC, UW_AP, FwdTime, TPE, tr_time
mean, 0.34479195475578306, 0.05424233078956604, 7540.6, 561219.8, 0.02599435277880898, 0.8485444644539577, 0.031643595393695025, 0.5061025321483612, 0.05962860584259033, 622.0, 11768.6, 0.09307978782716818, 0.875516691152888, 0.09837802593640269, 1.526267671585083, 3.2394512236118316, 733.9298125743866
stderr, 0.03081028212235294, 0.003209544477842373, 673.8208664029335, 33207.642224945754, 0.002948062640147232, 0.022043332771386228, 0.011204056008378607, 0.03511906687876989, 0.004158807879109523, 43.16132528085763, 820.803240734343, 0.009308348521348509, 0.019963573587930675, 0.013337114542799637, 0.015940467710212052, 0.025847826812038628, 7.255211964658194

StaticEncoder, 0.3532693088054657, 0.06062893569469452, 7726.0, 627299.0, 0.02352278522442704, 0.8081947411464291, 0.013625609222810971, 0.4882017970085144, 0.0668000876903534, 600.0, 13184.0, 0.07993072670352361, 0.8352780923656975, 0.0803231224966986, 1.5115323066711426, 3.2244189315372043, 744.6128070354462
StaticEncoder, 0.3391861021518707, 0.04638589918613434, 7418.0, 479933.0, 0.02913469790130415, 0.8822099552667947, 0.013581082385560921, 0.5166802406311035, 0.047130949795246124, 635.0, 9302.0, 0.11373813361991761, 0.917107006041373, 0.06708281279914827, 1.5789389610290527, 3.320168048143387, 717.4341144561768
StaticEncoder, 0.3885231018066406, 0.04645461589097977, 8497.0, 480644.0, 0.033255644203353744, 0.9015738620151037, 0.039704471965915006, 0.5451586842536926, 0.05213690549135208, 670.0, 10290.0, 0.10993518746410698, 0.9077010133323462, 0.1131110900634608, 1.5390503406524658, 3.2752911514706082, 749.6509714126587
StaticEncoder, 0.23237311840057373, 0.05894769728183746, 5082.0, 609904.0, 0.015959651789415503, 0.7861886534771634, 0.01917522830121262, 0.38486573100090027, 0.06594380736351013, 473.0, 13015.0, 0.06427940476999389, 0.8198653673870081, 0.08889131709706999, 1.518810749053955, 3.1791255474090576, 715.3688952922821
StaticEncoder, 0.4106081426143646, 0.05879450589418411, 8980.0, 608319.0, 0.028098984775544497, 0.8645551103642979, 0.0721315850929756, 0.5956062078475952, 0.06613127887248993, 732.0, 13052.0, 0.09751548657829882, 0.8976319766380154, 0.14248178722563573, 1.4830060005187988, 3.1982524394989014, 742.5822746753693

Namespace(compressed=True, dataset='OPTC', delta=0.25, encoder='GCN', fpweight=0.6, hidden=32, impl='TEDGE', load=False, ngrus=1, nowrite=False, rnn='GRU', te_end=None, tests=5, threads=1, workers=8, zdim=16)

[0]:
, TPR, FPR, TP, FP, F1, AUC, AP, UW_TPR, UW_FPR, UW_TP, UW_FP, UW_F1, UW_AUC, UW_AP, FwdTime, TPE, tr_time
mean, 0.9629103541374207, 0.00020223393221385777, 21148.4, 2092.4, 0.935674547391898, 0.9948292809399175, 0.9760810770068217, 0.9094017028808594, 0.0001786713837645948, 638.4, 31.6, 0.9297760963573459, 0.9917707881433632, 0.9565136115333883, 1.0628077507019043, 1.9049209488762748, 539.5162496566772
stderr, 0.004204950501294161, 2.7166850762322503e-06, 92.35345147854518, 28.108005976945428, 0.0019099307897701724, 7.388862524865386e-06, 0.004199034636600843, 0.026845704354594088, 8.3098803937488e-06, 18.845689162246096, 1.4696938456699067, 0.014223916736113002, 6.61152875175443e-05, 0.00629812413574253, 0.03213218734453679, 0.004598537903155262, 3.214058106492214

TEdgeRecurrent, 0.9736829996109009, 0.00020470820891205221, 21385.0, 2118.0, 0.9407029428583997, 0.9948049241658703, 0.963933199546913, 0.8988603949546814, 0.00018093304242938757, 631.0, 32.0, 0.9245421245421246, 0.9916579909172963, 0.9407870776571049, 1.0901858806610107, 1.8913591437869601, 530.7205991744995
TEdgeRecurrent, 0.9527387022972107, 0.00020499817037489265, 20925.0, 2121.0, 0.9298140371925614, 0.9948236947755331, 0.973695039725993, 0.9515669345855713, 0.0001922413648571819, 668.0, 34.0, 0.9515669515669516, 0.9916753158366629, 0.9417131393971799, 0.9721817970275879, 1.9020724296569824, 548.4615285396576
TEdgeRecurrent, 0.9532850980758667, 0.00019137028721161187, 20937.0, 1980.0, 0.9330213903743314, 0.9948498632812343, 0.990190521583334, 0.8105413317680359, 0.00014700810424983501, 569.0, 26.0, 0.8774094063222823, 0.991656802899813, 0.9699329490670642, 1.1495168209075928, 1.904215203391181, 545.1853265762329
TEdgeRecurrent, 0.9668078422546387, 0.00020509482419583946, 21234.0, 2122.0, 0.9370904035834859, 0.9948339114868331, 0.9759714245439902, 0.9273504018783569, 0.0001922413648571819, 651.0, 34.0, 0.9387166546503245, 0.9919502150279428, 0.9645503726954567, 1.0069565773010254, 1.907001468870375, 536.8851141929626
TEdgeRecurrent, 0.9680371284484863, 0.00020499817037489265, 21261.0, 2121.0, 0.9377439629507112, 0.9948340109901175, 0.9766151996338779, 0.9586894512176514, 0.00018093304242938757, 673.0, 32.0, 0.9566453447050463, 0.9919136160351013, 0.9655845188501361, 1.0951976776123047, 1.9199564986758761, 536.3286798000336

[0]:
, TPR, FPR, TP, FP, F1, AUC, AP, UW_TPR, UW_FPR, UW_TP, UW_FP, UW_F1, UW_AUC, UW_AP, FwdTime, TPE, tr_time
mean, 0.17201656997203826, 0.02196778152137995, 3778.0, 227288.2, 0.0308610565670324, 0.8726356630505411, 0.03200333874440324, 0.36638176441192627, 0.028699373826384544, 257.2, 5075.8, 0.08769987949885324, 0.8902207595834228, 0.11235446330410351, 1.0628077507019043, 1.9049209488762748, 539.5162496566772
stderr, 0.01858075830592123, 0.0031988016147549577, 408.08920593419276, 33096.189290309536, 0.0026930751646083865, 0.007617169122582435, 0.006875378397295013, 0.01710232596440368, 0.0033468071899334755, 12.00583191619806, 591.9197073928186, 0.006275159161366738, 0.00863564713336198, 0.013344372122838075, 0.03213218734453679, 0.004598537903155262, 3.214058106492214

StaticEncoder, 0.19382597506046295, 0.02976010926067829, 4257.0, 307911.0, 0.025481023909783886, 0.8589609937523403, 0.016071878794325513, 0.39743590354919434, 0.03686510771512985, 279.0, 6520.0, 0.07439008132249034, 0.8785645417520166, 0.07914869970946026, 1.0901858806610107, 1.8913591437869601, 530.7205991744995
StaticEncoder, 0.19464553892612457, 0.020800016820430756, 4275.0, 215206.0, 0.035411938171998475, 0.8877650414037712, 0.0558469324889273, 0.3789173662662506, 0.0287457387894392, 266.0, 5084.0, 0.08790482485128884, 0.9177696744514754, 0.1516427208651381, 0.9721817970275879, 1.9020724296569824, 548.4615285396576
StaticEncoder, 0.1523926556110382, 0.025458144024014473, 3347.0, 263401.0, 0.023185815573358824, 0.8581201680816952, 0.030286158633148853, 0.3632478713989258, 0.031397536396980286, 255.0, 5553.0, 0.07834101382488479, 0.8764209957661312, 0.13425110983275212, 1.1495168209075928, 1.904215203391181, 545.1853265762329
StaticEncoder, 0.1085006594657898, 0.010616508312523365, 2383.0, 109843.0, 0.03551706920835538, 0.8941416858862934, 0.036010464292175984, 0.30199429392814636, 0.01651579514145851, 212.0, 2921.0, 0.1105606258148631, 0.9033879173805444, 0.10307531492457257, 1.0069565773010254, 1.907001468870375, 536.8851141929626
StaticEncoder, 0.21071802079677582, 0.023204129189252853, 4628.0, 240080.0, 0.03470943597166546, 0.8641904261286051, 0.02180125951343856, 0.39031338691711426, 0.02997269108891487, 274.0, 5301.0, 0.0873028516807392, 0.8749606685669469, 0.09365447118859446, 1.0951976776123047, 1.9199564986758761, 536.3286798000336

Namespace(compressed=True, dataset='OPTC', delta=0.5, encoder='GCN', fpweight=0.6, hidden=32, impl='TEDGE', load=False, ngrus=1, nowrite=False, rnn='GRU', te_end=None, tests=5, threads=1, workers=8, zdim=16)

[0]:
, TPR, FPR, TP, FP, F1, AUC, AP, UW_TPR, UW_FPR, UW_TP, UW_FP, UW_F1, UW_AUC, UW_AP, FwdTime, TPE, tr_time
mean, 0.9458177924156189, 0.00020068769808858632, 20783.4, 2076.4, 0.9270092774684435, 0.9943518661582716, 0.9795814303380878, 0.8485651135444641, 0.0001669449091423303, 384.4, 26.2, 0.8889716203007765, 0.9895771004688315, 0.934605374069263, 0.8537591457366943, 1.3527510584725273, 409.998099565506
stderr, 0.011004162919227664, 3.1152166853170047e-06, 241.80541763988666, 32.231351197242724, 0.005555940264693925, 9.255768804828844e-06, 0.004587330128696287, 0.031688278328133285, 8.160069151261087e-06, 14.354790141273398, 1.2806248474865696, 0.01757526875391096, 5.689521079042245e-05, 0.007068381721930642, 0.01880026915199666, 0.011132853036523149, 1.1554380286333492

TEdgeRecurrent, 0.9290069937705994, 0.00020615819084923714, 20414.0, 2133.0, 0.9170503807192113, 0.9943185472554011, 0.9616788900645478, 0.887417197227478, 0.00019115829491056502, 402.0, 30.0, 0.9084745762711864, 0.9894933480993621, 0.9159557114118096, 0.7809460163116455, 1.3299563646316528, 410.76427817344666
TEdgeRecurrent, 0.9339674115180969, 0.00019301354768685997, 20523.0, 1997.0, 0.9225064053580257, 0.9943715361536375, 0.9858918396674881, 0.7527593970298767, 0.00014655469567514956, 341.0, 23.0, 0.8347613219094248, 0.9897637266633915, 0.9468314919560582, 0.8875777721405029, 1.342384672164917, 406.77298307418823
TEdgeRecurrent, 0.9413397908210754, 0.00019311020150780678, 20685.0, 1998.0, 0.926394518216629, 0.9943514016000058, 0.9802391191711143, 0.7991169691085815, 0.00015292663010768592, 362.0, 24.0, 0.8629320619785459, 0.9894995160839799, 0.9194124807767938, 0.8602378368377686, 1.381520676612854, 413.6154248714447
TEdgeRecurrent, 0.989123523235321, 0.00020548162865452468, 21735.0, 2126.0, 0.9484018762954075, 0.994351290187024, 0.9846386676739335, 0.876379668712616, 0.00016567051352467388, 397.0, 26.0, 0.9063926940639271, 0.9894734656677597, 0.9410838515580215, 0.8648722171783447, 1.3324255228042603, 410.4079360961914
TEdgeRecurrent, 0.9356512427330017, 0.00020567492174450308, 20560.0, 2128.0, 0.9206932067529444, 0.9943665555952902, 0.9854586351133555, 0.9271523356437683, 0.00017841441149357706, 420.0, 28.0, 0.9322974472807991, 0.9896554458296645, 0.9497433346436315, 0.87516188621521, 1.377468056148953, 408.4298756122589

[0]:
, TPR, FPR, TP, FP, F1, AUC, AP, UW_TPR, UW_FPR, UW_TP, UW_FP, UW_F1, UW_AUC, UW_AP, FwdTime, TPE, tr_time
mean, 0.15232547819614412, 0.017932379432022572, 3347.2, 185536.0, 0.03327558901230769, 0.8227204382111644, 0.03930933549884531, 0.4503311216831207, 0.025424052961170673, 204.0, 3990.0, 0.0924038949958079, 0.872503870076278, 0.17873539480901174, 0.8537591457366943, 1.3527510584725273, 409.998099565506
stderr, 0.022109267546856333, 0.002497801363012804, 485.82902342284984, 25843.31271915425, 0.005305371024519562, 0.010409969540265213, 0.013916132865836203, 0.023928789272048657, 0.0028890582584815876, 10.839741694339398, 453.40302160439995, 0.012953745852756528, 0.009127343663276917, 0.021069472673247863, 0.01880026915199666, 0.011132853036523149, 1.1554380286333492

StaticEncoder, 0.12701374292373657, 0.008466790430247784, 2791.0, 87601.0, 0.049676948543153625, 0.8422641168713397, 0.03608920485951573, 0.4525386393070221, 0.014120225794613361, 205.0, 2216.0, 0.14265831593597775, 0.8889119807355204, 0.21997912724914664, 0.7809460163116455, 1.3299563646316528, 410.76427817344666
StaticEncoder, 0.17115682363510132, 0.020248156040906906, 3761.0, 209496.0, 0.03197707785113357, 0.7892919252007241, 0.03159581441387109, 0.48123618960380554, 0.029750602319836617, 218.0, 4669.0, 0.08164794007490637, 0.8522778163235789, 0.1743258556457371, 0.8875777721405029, 1.342384672164917, 406.77298307418823
StaticEncoder, 0.19609539210796356, 0.023001376539468765, 4309.0, 237982.0, 0.03261120466198702, 0.8472982953683379, 0.09223838908503684, 0.48785871267318726, 0.027819903567433357, 221.0, 4366.0, 0.08769841269841269, 0.8986618413193753, 0.22674742093048733, 0.8602378368377686, 1.381520676612854, 413.6154248714447
StaticEncoder, 0.18922363221645355, 0.019962839782238007, 4158.0, 206544.0, 0.03574068662002098, 0.8155453989694395, 0.02605811207799548, 0.47240617871284485, 0.029164383187890053, 214.0, 4577.0, 0.08161708619374522, 0.856134297716366, 0.1613459519204046, 0.8648722171783447, 1.3324255228042603, 410.4079360961914
StaticEncoder, 0.07813780009746552, 0.017982734367251396, 1717.0, 186057.0, 0.016372027385243244, 0.8192024546459803, 0.01056515705780744, 0.3576158881187439, 0.02626514993607998, 162.0, 4122.0, 0.06839772007599747, 0.8665334142865491, 0.11127861829928296, 0.87516188621521, 1.377468056148953, 408.4298756122589

Namespace(compressed=True, dataset='OPTC', delta=1.0, encoder='GCN', fpweight=0.6, hidden=32, impl='TEDGE', load=False, ngrus=1, nowrite=False, rnn='GRU', te_end=None, tests=5, threads=1, workers=8, zdim=16)

[0]:
, TPR, FPR, TP, FP, F1, AUC, AP, UW_TPR, UW_FPR, UW_TP, UW_FP, UW_F1, UW_AUC, UW_AP, FwdTime, TPE, tr_time
mean, 0.9376029014587403, 0.0002025822876021266, 20613.2, 2096.0, 0.9223122054662127, 0.9938708245227661, 0.9830318048666381, 0.7879154205322265, 0.0001679998793406412, 260.8, 21.8, 0.8419259546746058, 0.9886403115608677, 0.921763215124793, 0.7034439086914063, 0.9804537084367541, 355.55486431121824
stderr, 0.00971587945722189, 2.693275737920087e-06, 213.60369846985324, 27.865749586185547, 0.004792547086480132, 5.775465327382724e-06, 0.002285044781020431, 0.07505227464714313, 3.775358280029783e-06, 24.84230263079492, 0.48989794855663565, 0.04967344301634863, 4.5710731266500764e-05, 0.008571583556162308, 0.01011169118182341, 0.006360293550535688, 1.076810185495229

TEdgeRecurrent, 0.9199908971786499, 0.0002054818469332531, 20226.0, 2126.0, 0.9123756681778199, 0.993862018029618, 0.985938818046429, 0.8036254048347473, 0.00016954116290435195, 266.0, 22.0, 0.8594507269789984, 0.988488138940494, 0.917413553100466, 0.7296264171600342, 0.9952608214484321, 359.4622218608856
TEdgeRecurrent, 0.9418694376945496, 0.0002056751400232315, 20707.0, 2128.0, 0.9240071396697903, 0.9938710728575825, 0.9776922283605202, 0.7462235689163208, 0.0001772475807229057, 247.0, 23.0, 0.8219633943427621, 0.9886971085479246, 0.8920544833552938, 0.6942057609558105, 0.9936565028296577, 353.58433175086975
TEdgeRecurrent, 0.9496474862098694, 0.00020432201563380659, 20878.0, 2114.0, 0.9283856193165395, 0.9938554978849875, 0.9784803632561037, 0.9456193447113037, 0.00016954116290435195, 313.0, 22.0, 0.93993993993994, 0.9885891488721789, 0.9335325005967698, 0.6713311672210693, 0.9692026244269477, 353.622198343277
TEdgeRecurrent, 0.9116670489311218, 0.00019185393466614187, 20043.0, 1985.0, 0.9107763615295481, 0.9938768780994197, 0.9831799318200377, 0.5256797671318054, 0.00015412832726724446, 174.0, 20.0, 0.6628571428571428, 0.9887456170630021, 0.9233947693720448, 0.7190215587615967, 0.9634578492906358, 355.162428855896
TEdgeRecurrent, 0.9648396372795105, 0.00020557850075419992, 21212.0, 2127.0, 0.9360162386373665, 0.9938886557422227, 0.9898676828501002, 0.9184290170669556, 0.00016954116290435195, 304.0, 22.0, 0.9254185692541856, 0.9886815443807395, 0.9424207691993902, 0.7030346393585205, 0.9806907441880968, 355.94314074516296

[0]:
, TPR, FPR, TP, FP, F1, AUC, AP, UW_TPR, UW_FPR, UW_TP, UW_FP, UW_F1, UW_AUC, UW_AP, FwdTime, TPE, tr_time
mean, 0.1172526717185974, 0.004862052155658603, 2577.8, 50304.8, 0.07044691482561558, 0.8635956665669792, 0.04248209808474856, 0.5123867154121399, 0.010355882346630096, 169.6, 1343.8, 0.18523668687971862, 0.9025381652703619, 0.2659290786886185, 0.7034439086914063, 0.9804537084367541, 355.55486431121824
stderr, 0.02501396941678923, 0.0007578900730699668, 549.9321230842947, 7841.4436068877, 0.016204533506187356, 0.01191035917853824, 0.005507111530509428, 0.017212594092105942, 0.0006637162406141992, 5.697367813297646, 86.1251415093177, 0.009355756362139955, 0.0086003966915349, 0.05262448625884861, 0.01011169118182341, 0.006360293550535688, 1.076810185495229

StaticEncoder, 0.08569478988647461, 0.006288266275078058, 1884.0, 65061.0, 0.04237040368829416, 0.8914043502954392, 0.04076734044312507, 0.5347431898117065, 0.010064579546451569, 177.0, 1306.0, 0.19514884233737595, 0.9282277114257658, 0.2535559726588986, 0.7296264171600342, 0.9952608214484321, 359.4622218608856
StaticEncoder, 0.13322719931602478, 0.007044470403343439, 2929.0, 72885.0, 0.05989836296894651, 0.8786645121158148, 0.04666968730102494, 0.5438066720962524, 0.012607697397470474, 180.0, 1636.0, 0.16767582673497902, 0.9148195946555373, 0.2947131582545956, 0.6942057609558105, 0.9936565028296577, 353.58433175086975
StaticEncoder, 0.20341141521930695, 0.004074938595294952, 4472.0, 42161.0, 0.13034480748491648, 0.8772795401722407, 0.05935226692277647, 0.44712990522384644, 0.010534671135246754, 148.0, 1367.0, 0.16034669555796316, 0.9007400185261317, 0.14036181004646767, 0.6713311672210693, 0.9692026244269477, 353.622198343277
StaticEncoder, 0.055992722511291504, 0.00323812710121274, 1231.0, 33503.0, 0.04340697120894233, 0.8303201891805072, 0.0403740237513035, 0.5105740427970886, 0.008469351567327976, 169.0, 1099.0, 0.21138211382113822, 0.8820980227291322, 0.4483360703183213, 0.7190215587615967, 0.9634578492906358, 355.162428855896
StaticEncoder, 0.10793723165988922, 0.003664458403363824, 2373.0, 37914.0, 0.07621402877697843, 0.8403097410708937, 0.025247172005512828, 0.5256797671318054, 0.01010311208665371, 174.0, 1311.0, 0.19162995594713658, 0.886805479015242, 0.19267838216480926, 0.7030346393585205, 0.9806907441880968, 355.94314074516296

Namespace(compressed=True, dataset='OPTC', delta=1.5, encoder='GCN', fpweight=0.6, hidden=32, impl='TEDGE', load=False, ngrus=1, nowrite=False, rnn='GRU', te_end=None, tests=5, threads=1, workers=8, zdim=16)

[0]:
, TPR, FPR, TP, FP, F1, AUC, AP, UW_TPR, UW_FPR, UW_TP, UW_FP, UW_F1, UW_AUC, UW_AP, FwdTime, TPE, tr_time
mean, 0.9482946753501892, 8.437709357167478e-05, 20853.0, 873.0, 0.9542963917852816, 0.9940539275866052, 0.9795902876320411, 0.6399999976158142, 0.0001451143412850797, 176.0, 17.0, 0.7427514542529683, 0.984043981285682, 0.8999869128142255, 0.5180280685424805, 0.8195260265138415, 312.8687391281128
stderr, 0.015068277023388968, 4.924396830682311e-05, 331.35147502312407, 509.498282627135, 0.013081659017816926, 0.00030846161952404296, 0.009387965619725309, 0.07623365654742661, 1.6419587650676506e-05, 20.964255293236626, 1.9235384061671343, 0.04874491483732405, 0.000576707401178231, 0.0030355742975461363, 0.016564355541453177, 0.006255085565433652, 0.7515593291304321

TEdgeRecurrent, 0.9118690490722656, 0.0002044187276624143, 20052.0, 2115.0, 0.9082138732250833, 0.9936131078291879, 0.9422147992586544, 0.6254545450210571, 0.00017925888823810965, 172.0, 21.0, 0.735042735042735, 0.9832808257394042, 0.8945193160080275, 0.5430281162261963, 0.8168046236038208, 310.704785823822
TEdgeRecurrent, 0.9313324093818665, 3.962727078032913e-06, 20480.0, 41.0, 0.9635153254451789, 0.993627400603155, 0.9880679074260276, 0.5927272439002991, 0.00012804206926375628, 163.0, 15.0, 0.7196467991169978, 0.9829919473180619, 0.8977605255504957, 0.5310888290405273, 0.8182017273373074, 315.0208809375763
TEdgeRecurrent, 0.9904502034187317, 0.00020557855896186084, 21780.0, 2127.0, 0.9490816393228316, 0.9952479969942399, 0.9897218931304599, 0.9309090971946716, 0.00018779502715915442, 256.0, 22.0, 0.925858951175407, 0.9858684394931397, 0.8989010137384701, 0.5582988262176514, 0.8309568299187554, 311.7826797962189
TEdgeRecurrent, 0.977216899394989, 3.6727715269080363e-06, 21489.0, 38.0, 0.9876140358940184, 0.9940447552403581, 0.9917252418443657, 0.4872727394104004, 0.00010243365250062197, 134.0, 12.0, 0.6365795724465558, 0.984943215283722, 0.911783623602, 0.47993946075439453, 0.8333752685123019, 313.73408818244934
TEdgeRecurrent, 0.9306048154830933, 4.252682629157789e-06, 20464.0, 44.0, 0.9630570850392961, 0.993736377266085, 0.9862215965006979, 0.5636363625526428, 0.00012804206926375628, 155.0, 15.0, 0.6966292134831461, 0.9831354785940827, 0.8969700851721342, 0.4777851104736328, 0.7982916831970215, 313.10126090049744

[0]:
, TPR, FPR, TP, FP, F1, AUC, AP, UW_TPR, UW_FPR, UW_TP, UW_FP, UW_F1, UW_AUC, UW_AP, FwdTime, TPE, tr_time
mean, 0.14825830161571502, 0.005478112678974867, 3260.2, 56678.8, 0.10291266311592953, 0.8087966712981025, 0.05131182590895546, 0.6218181848526001, 0.009809729317203164, 171.0, 1149.2, 0.24990208353200533, 0.8921807922932643, 0.35895143103075666, 0.5180280685424805, 0.8195260265138415, 312.8687391281128
stderr, 0.020106400268548225, 0.0017759318284374524, 442.13972904501577, 18374.51909955741, 0.031622730786416975, 0.030671919408460105, 0.014184203069727019, 0.016703543362258797, 0.002293864263625637, 4.5934736311423405, 268.72391036154556, 0.05536909202748033, 0.015152886095428862, 0.052333705924872485, 0.016564355541453177, 0.006255085565433652, 0.7515593291304321

StaticEncoder, 0.12310141324996948, 0.009062467142939568, 2707.0, 93764.0, 0.04570280514262078, 0.7878529332381949, 0.05914865208186585, 0.6218181848526001, 0.012906639836728573, 171.0, 1512.0, 0.17466802860061287, 0.883028187102827, 0.5044435060567531, 0.5430281162261963, 0.8168046236038208, 310.704785823822
StaticEncoder, 0.15634378790855408, 0.0005218235310167074, 3438.0, 5399.0, 0.22305122133194927, 0.931012830364182, 0.10236814088893821, 0.6254545450210571, 0.002594985766336322, 172.0, 304.0, 0.4580559254327563, 0.9516648339837611, 0.3610579090136256, 0.5310888290405273, 0.8182017273373074, 315.0208809375763
StaticEncoder, 0.09404274821281433, 0.00206593400798738, 2068.0, 21375.0, 0.09103515066141352, 0.7769140776116258, 0.020264274344345808, 0.5672727227210999, 0.006154555361717939, 156.0, 721.0, 0.2708333333333333, 0.8702883429727022, 0.22702977598324667, 0.5582988262176514, 0.8309568299187554, 311.7826797962189
StaticEncoder, 0.21477945148944855, 0.006734509952366352, 4723.0, 69678.0, 0.09799670093680946, 0.7769239248275521, 0.038808591389826085, 0.6727272868156433, 0.013802934437990189, 185.0, 1617.0, 0.1781415503129514, 0.884534365326519, 0.26145321198446203, 0.47993946075439453, 0.8333752685123019, 313.73408818244934
StaticEncoder, 0.1530241072177887, 0.009005828760564327, 3365.0, 93178.0, 0.05677743750685463, 0.7712795904489584, 0.0359694708398013, 0.6218181848526001, 0.013589531183242798, 171.0, 1592.0, 0.1678115799803729, 0.8713882320805129, 0.4407727521156958, 0.4777851104736328, 0.7982916831970215, 313.10126090049744

Namespace(compressed=True, dataset='OPTC', delta=2.0, encoder='GCN', fpweight=0.6, hidden=32, impl='TEDGE', load=False, ngrus=1, nowrite=False, rnn='GRU', te_end=None, tests=5, threads=1, workers=8, zdim=16)

[0]:
, TPR, FPR, TP, FP, F1, AUC, AP, UW_TPR, UW_FPR, UW_TP, UW_FP, UW_F1, UW_AUC, UW_AP, FwdTime, TPE, tr_time
mean, 0.9100777268409729, 0.0002015000587562099, 20020.8, 2084.8, 0.9064429169655487, 0.9947026531151539, 0.9653425773768876, 0.6415384531021118, 0.0006342913868138567, 166.8, 67.2, 0.6796857909750091, 0.9906212185567984, 0.781087216532969, 0.5117435932159424, 0.7182181517283122, 185.08986415863038
stderr, 0.035581172077188056, 3.730740461389329e-06, 782.7501772596413, 38.5997409317731, 0.02065633589038037, 0.000912932299686102, 0.00865207234331954, 0.04918567248370342, 0.00028073905029649056, 12.78827588066507, 29.742898312034086, 0.04488167663251362, 0.0008712884215085757, 0.06660717466490626, 0.012160234290493744, 0.0067191049374479865, 56.05138521271533

TEdgeRecurrent, 0.9304513931274414, 0.00019311066716909409, 20469.0, 1998.0, 0.9206584806368912, 0.9932089946685325, 0.9552332951515009, 0.5730769038200378, 0.00016989947471302003, 149.0, 18.0, 0.6978922716627635, 0.9892678893620421, 0.8847065382765891, 0.5010976791381836, 0.7041077136993408, 271.5729079246521
TEdgeRecurrent, 0.9482703804969788, 0.0002072218485409394, 20861.0, 2144.0, 0.9270731490534175, 0.9970205695177065, 0.9815858061577417, 0.6538461446762085, 0.001293123816139996, 170.0, 137.0, 0.599647266313933, 0.9928475043291694, 0.5987429250248192, 0.5368344783782959, 0.7057139343685574, 47.49472713470459
TEdgeRecurrent, 0.9269057512283325, 0.00019185419660061598, 20391.0, 1985.0, 0.9190309859154929, 0.9931783001482908, 0.9378252431036768, 0.5038461685180664, 0.00016046062228269875, 131.0, 17.0, 0.642156862745098, 0.9891779479192759, 0.8823535106438231, 0.5425281524658203, 0.7137931717766656, 277.78594279289246
TEdgeRecurrent, 0.9731805920600891, 0.00020586872415151447, 21409.0, 2130.0, 0.9402696648952523, 0.993250419123175, 0.9845577308530075, 0.7923076748847961, 0.0001982160611078143, 206.0, 21.0, 0.8459958932238193, 0.9891528986375371, 0.9006504029579824, 0.47808361053466797, 0.7289339303970337, 280.4147095680237
TEdgeRecurrent, 0.7715805172920227, 0.00020944485731888562, 16974.0, 2167.0, 0.8251823043266894, 0.9968549821180654, 0.9675108116185105, 0.6846153736114502, 0.0013497569598257542, 178.0, 143.0, 0.612736660929432, 0.9926598525359676, 0.6389827057616316, 0.5001740455627441, 0.7385420083999634, 48.18103337287903

[0]:
, TPR, FPR, TP, FP, F1, AUC, AP, UW_TPR, UW_FPR, UW_TP, UW_FP, UW_F1, UW_AUC, UW_AP, FwdTime, TPE, tr_time
mean, 0.1503068298101425, 0.007701288303360343, 3306.6, 79680.6, 0.07051257084260412, 0.8340203491181551, 0.053085712738986456, 0.6692307710647583, 0.014296096935868263, 174.0, 1514.6, 0.20645295807615857, 0.9158877973694626, 0.3188010463746322, 0.5117435932159424, 0.7182181517283122, 185.08986415863038
stderr, 0.03685036340660251, 0.0018492036910057897, 810.6711787155134, 19132.598808316656, 0.01542725999860706, 0.027458309396084714, 0.011530536163910738, 0.013706556713034114, 0.002795353910562485, 3.5637059362410923, 296.1537776223697, 0.047263426403040806, 0.011423646271278676, 0.06466808048265761, 0.012160234290493744, 0.0067191049374479865, 56.05138521271533

StaticEncoder, 0.10373198986053467, 0.012331150472164154, 2282.0, 127583.0, 0.03005320549965759, 0.7914290891059871, 0.04167447458214135, 0.6499999761581421, 0.013516447506844997, 169.0, 1432.0, 0.18162278344975824, 0.900828532221, 0.4659640368003158, 0.5010976791381836, 0.7041077136993408, 271.5729079246521
StaticEncoder, 0.08227646350860596, 0.001032243249937892, 1810.0, 10680.0, 0.10496100205862739, 0.9346197487596407, 0.09811939848003849, 0.6461538672447205, 0.004020954482257366, 168.0, 426.0, 0.3934426229508197, 0.9587938770842637, 0.4341157818523223, 0.5368344783782959, 0.7057139343685574, 47.49472713470459
StaticEncoder, 0.205282062292099, 0.007782997563481331, 4516.0, 80526.0, 0.08437888285797031, 0.838854220292077, 0.03657526865201068, 0.692307710647583, 0.01622539944946766, 180.0, 1719.0, 0.1667438628994905, 0.9169045440849207, 0.1925668187696254, 0.5425281524658203, 0.7137931717766656, 277.78594279289246
StaticEncoder, 0.09191326797008514, 0.008152402006089687, 2022.0, 84348.0, 0.037316944882761674, 0.7786515360011353, 0.038133970960662886, 0.6461538672447205, 0.017320306971669197, 168.0, 1835.0, 0.14847547503314185, 0.8935599930297651, 0.3590041629387027, 0.47808361053466797, 0.7289339303970337, 280.4147095680237
StaticEncoder, 0.2683303654193878, 0.00920764822512865, 5903.0, 95266.0, 0.09585281891400363, 0.8265471514319357, 0.05092545102007892, 0.7115384340286255, 0.020397376269102097, 185.0, 2161.0, 0.1419800460475825, 0.9093520404273625, 0.14235443151219493, 0.5001740455627441, 0.7385420083999634, 48.18103337287903

Namespace(compressed=True, dataset='OPTC', delta=2.5, encoder='GCN', fpweight=0.6, hidden=32, impl='TEDGE', load=False, ngrus=1, nowrite=False, rnn='GRU', te_end=None, tests=5, threads=1, workers=8, zdim=16)

[0]:
, TPR, FPR, TP, FP, F1, AUC, AP, UW_TPR, UW_FPR, UW_TP, UW_FP, UW_F1, UW_AUC, UW_AP, FwdTime, TPE, tr_time
mean, 0.9626067996025085, 0.00018170578550780192, 21181.2, 1880.0, 0.9402250986999663, 0.9968330009063807, 0.9781604743363979, 0.6804877996444703, 0.0015444252407178284, 167.4, 151.0, 0.5880497264522967, 0.9886027645652489, 0.5716723782236892, 0.4273630142211914, 0.6387451867262522, 41.47004580497742
stderr, 0.008571628942590595, 3.643088619422586e-05, 188.6100209426848, 376.92837515899487, 0.010668282702027956, 0.0007709624691147928, 0.004956203503642371, 0.06880133589329596, 4.894492831848122e-05, 16.925129246183026, 4.785394445602159, 0.03975834227491638, 0.0010783274810848705, 0.01145780635613612, 0.00953645288758777, 0.0037915958700187402, 0.7229901241682046

TEdgeRecurrent, 0.9762770533561707, 3.624450619099662e-05, 21482.0, 375.0, 0.9795490298898794, 0.9974740477615611, 0.988217446872507, 0.9024389982223511, 0.0016773890238255262, 222.0, 164.0, 0.7025316455696203, 0.9903910606441981, 0.6006535040667292, 0.44005513191223145, 0.6274170875549316, 42.244460344314575
TEdgeRecurrent, 0.9668242335319519, 0.00020992817007936537, 21274.0, 2172.0, 0.9361496149614962, 0.9977214574208664, 0.9836976436360687, 0.49593496322631836, 0.0015444252640008926, 122.0, 151.0, 0.4701348747591522, 0.9899644581793211, 0.5464425633350142, 0.4271273612976074, 0.6472897529602051, 41.68508434295654
TEdgeRecurrent, 0.972141444683075, 0.00022123646340332925, 21391.0, 2289.0, 0.9364766657910867, 0.9984371065066345, 0.979831766582911, 0.7357723712921143, 0.001421689405106008, 181.0, 139.0, 0.6395759717314489, 0.9899723994171546, 0.5919300195502318, 0.44063854217529297, 0.6324373483657837, 43.375014543533325
TEdgeRecurrent, 0.9688692688941956, 0.00022239628015086055, 21319.0, 2301.0, 0.9345519901806066, 0.9965319884979594, 0.9593386626802521, 0.5894308686256409, 0.0014523734571412206, 145.0, 142.0, 0.5440900562851783, 0.9880914070567918, 0.5746777386666068, 0.39051342010498047, 0.6416982014973959, 41.020479679107666
TEdgeRecurrent, 0.9289219975471497, 0.0002187235077144578, 20440.0, 2263.0, 0.914398192676762, 0.9940004043448821, 0.9797168519102498, 0.6788617968559265, 0.0016262490535154939, 167.0, 159.0, 0.583916083916084, 0.9845944975287784, 0.5446580654998638, 0.4384806156158447, 0.644883543252945, 39.025190114974976

[0]:
, TPR, FPR, TP, FP, F1, AUC, AP, UW_TPR, UW_FPR, UW_TP, UW_FP, UW_F1, UW_AUC, UW_AP, FwdTime, TPE, tr_time
mean, 0.1781585156917572, 0.004726090107578784, 3920.2, 48898.0, 0.1404979583286663, 0.8881783953417763, 0.08798345830536317, 0.7016260266304016, 0.009597938088700176, 172.6, 938.4, 0.30633648339473113, 0.9388140804882289, 0.37757235332902406, 0.4273630142211914, 0.6387451867262522, 41.47004580497742
stderr, 0.023052940377430754, 0.0022142533282637484, 507.25687772567454, 22909.541734831797, 0.03269743965676592, 0.025879105479110764, 0.026463833894963065, 0.009144087091918354, 0.003064530322509497, 2.2494443758403984, 299.62219543952347, 0.05945117378105811, 0.010931281335863631, 0.06619333620657356, 0.00953645288758777, 0.0037915958700187402, 0.7229901241682046

StaticEncoder, 0.12829485535621643, 0.00758640980347991, 2823.0, 78492.0, 0.05464628964662841, 0.8261423045687438, 0.025283010465673918, 0.6829268336296082, 0.016160210594534874, 168.0, 1580.0, 0.16850551654964893, 0.9131626474440482, 0.32282410691899666, 0.44005513191223145, 0.6274170875549316, 42.244460344314575
StaticEncoder, 0.23677513003349304, 0.01208788063377142, 5210.0, 125066.0, 0.06842658261097978, 0.8331816991012865, 0.024308661770546202, 0.7235772609710693, 0.017847828567028046, 178.0, 1745.0, 0.1641309359151683, 0.9150264060709973, 0.16586503472990646, 0.4271273612976074, 0.6472897529602051, 41.68508434295654
StaticEncoder, 0.2234593778848648, 0.0019388393266126513, 4917.0, 20060.0, 0.20931866073519081, 0.8984440784792063, 0.11380307225725927, 0.7195122241973877, 0.005962913390249014, 177.0, 583.0, 0.3518886679920477, 0.9440961387040715, 0.37739546070446267, 0.44063854217529297, 0.6324373483657837, 43.375014543533325
StaticEncoder, 0.17555898427963257, 0.0013785476330667734, 3863.0, 14263.0, 0.19252429603787694, 0.9226350171683658, 0.1260445974980702, 0.7032520174980164, 0.004725327715277672, 173.0, 462.0, 0.3927355278093076, 0.9518597173268579, 0.5570801988464891, 0.39051342010498047, 0.6416982014973959, 41.020479679107666
StaticEncoder, 0.12670423090457916, 0.000638773140963167, 2788.0, 6609.0, 0.17757396261265562, 0.9604888773912791, 0.15047794953526616, 0.6788617968559265, 0.003293410176411271, 167.0, 322.0, 0.45442176870748296, 0.9699254928951699, 0.4646969654452656, 0.4384806156158447, 0.644883543252945, 39.025190114974976

Namespace(compressed=True, dataset='OPTC', delta=3.0, encoder='GCN', fpweight=0.6, hidden=32, impl='TEDGE', load=False, ngrus=1, nowrite=False, rnn='GRU', te_end=None, tests=5, threads=1, workers=8, zdim=16)

[0]:
, TPR, FPR, TP, FP, F1, AUC, AP, UW_TPR, UW_FPR, UW_TP, UW_FP, UW_F1, UW_AUC, UW_AP, FwdTime, TPE, tr_time
mean, 0.9346777558326721, 0.00021688743145205082, 20578.8, 2244.0, 0.9173623720292415, 0.9958492639101593, 0.9611111748672567, 0.6526748895645141, 0.0013132992491591722, 158.6, 125.6, 0.607029090049356, 0.9898196674832402, 0.6188892125386078, 0.37281975746154783, 0.5842651981777615, 78.79391551017761
stderr, 0.022022204935932904, 3.624520594941446e-06, 484.8629084597006, 37.50066666074085, 0.011373772504583822, 0.000991930979775918, 0.008461151207488082, 0.051045396620738606, 0.0002762813290286307, 12.404031602668544, 26.4227174983952, 0.05694476031198783, 0.001784282814605575, 0.06439862119055857, 0.00607333917261019, 0.004965014382636579, 35.78262673264224

TEdgeRecurrent, 0.9340963959693909, 0.00022229994647204876, 20566.0, 2300.0, 0.9164271550475681, 0.9948456840182615, 0.9740796675177269, 0.6419752836227417, 0.0015475181862711906, 156.0, 148.0, 0.5703839122486288, 0.9870765834339904, 0.5790220993540537, 0.37842845916748047, 0.5776493549346924, 41.17776536941528
TEdgeRecurrent, 0.9456783533096313, 0.00022278321557678282, 20821.0, 2305.0, 0.9224464479542787, 0.9979482338054907, 0.9597226543332507, 0.6337448358535767, 0.0016102554509416223, 154.0, 154.0, 0.558983666061706, 0.9939918994968586, 0.5688886582886475, 0.34987497329711914, 0.574403444925944, 42.74581694602966
TEdgeRecurrent, 0.9881909489631653, 0.00022287986939772964, 21757.0, 2306.0, 0.9443142361111111, 0.9963429714377869, 0.9343949792841068, 0.7860082387924194, 0.0016102554509416223, 191.0, 154.0, 0.6496598639455782, 0.9908580072858659, 0.5486263279051663, 0.375302791595459, 0.6000391006469726, 43.914796352386475
TEdgeRecurrent, 0.9510378241539001, 0.00021079834550619125, 20939.0, 2181.0, 0.9277975939916255, 0.997580515171096, 0.9834000893532866, 0.48148149251937866, 0.001589343068189919, 117.0, 152.0, 0.45703125, 0.9927463848534611, 0.524174002996934, 0.38587284088134766, 0.5917913118998209, 44.2227520942688
TEdgeRecurrent, 0.854385256767273, 0.00020567578030750155, 18811.0, 2128.0, 0.875826427041624, 0.9925289151181611, 0.9539584838479123, 0.7201645970344543, 0.00020912408945150673, 175.0, 20.0, 0.7990867579908676, 0.9844254623460253, 0.873734974148238, 0.374619722366333, 0.5774427784813775, 221.90844678878784

[0]:
, TPR, FPR, TP, FP, F1, AUC, AP, UW_TPR, UW_FPR, UW_TP, UW_FP, UW_F1, UW_AUC, UW_AP, FwdTime, TPE, tr_time
mean, 0.21381659656763077, 0.028061135904863477, 4707.6, 290331.2, 0.06715382877570361, 0.796745421756697, 0.03802335683225351, 0.6995884895324707, 0.0351621238514781, 170.0, 3362.8, 0.14931905637149626, 0.9074984194134965, 0.2184111406326643, 0.37281975746154783, 0.5842651981777615, 78.79391551017761
stderr, 0.03566238488479771, 0.01092908462763355, 785.178743981267, 113076.47125348402, 0.029769036904146222, 0.0364262645585512, 0.01953592168303061, 0.028122391155410695, 0.011392974818039761, 6.833739825307955, 1089.5898953275953, 0.05365887844184318, 0.013964529616375192, 0.08317208081448299, 0.00607333917261019, 0.004965014382636579, 35.78262673264224

StaticEncoder, 0.1094154492020607, 0.0019886179361492395, 2409.0, 20575.0, 0.10706428746027864, 0.90331134772804, 0.0707457464614277, 0.6831275820732117, 0.006817445158958435, 166.0, 652.0, 0.3129123468426013, 0.9436872947781674, 0.4431799158306568, 0.37842845916748047, 0.5776493549346924, 41.17776536941528
StaticEncoder, 0.2961347997188568, 0.041412353515625, 6520.0, 428468.0, 0.028533604665156836, 0.7782364672379456, 0.007830668568901022, 0.7530864477157593, 0.05232284590601921, 183.0, 5004.0, 0.06740331491712707, 0.9060363537692744, 0.06160937954734164, 0.34987497329711914, 0.574403444925944, 42.74581694602966
StaticEncoder, 0.191397562623024, 0.059099797159433365, 4214.0, 611469.0, 0.013216245883644347, 0.7100400904207557, 0.00414984959613188, 0.6008230447769165, 0.06537219136953354, 146.0, 6252.0, 0.04396928173467851, 0.8645851634380016, 0.02140372563900517, 0.375302791595459, 0.6000391006469726, 43.914796352386475
StaticEncoder, 0.1800881177186966, 0.03303937986493111, 3965.0, 341838.0, 0.02155945843075417, 0.7355722915486369, 0.008906533860064165, 0.7078189253807068, 0.039869505912065506, 172.0, 3813.0, 0.0813623462630085, 0.8927060273476642, 0.19319151751497918, 0.38587284088134766, 0.5917913118998209, 44.2227520942688
StaticEncoder, 0.29204705357551575, 0.004765531048178673, 6430.0, 49306.0, 0.16539554743868404, 0.856566911848107, 0.09848398567474277, 0.7530864477157593, 0.011428630910813808, 183.0, 1093.0, 0.24094799210006584, 0.9304772577343746, 0.37267116463133865, 0.374619722366333, 0.5774427784813775, 221.90844678878784

