Namespace(compressed=True, dataset='OPTC', delta=0.125, encoder='GCN', fpweight=0.6, hidden=32, impl='TEDGE', load=False, ngrus=1, nowrite=False, rnn='LSTM', te_end=None, tests=5, threads=1, workers=8, zdim=16)

[0]:
, TPR, FPR, TP, FP, F1, AUC, AP, UW_TPR, UW_FPR, UW_TP, UW_FP, UW_F1, UW_AUC, UW_AP, FwdTime, TPE, tr_time
mean, 0.9669684529304504, 0.00012380964999465506, 21147.6, 1281.0, 0.9551623803034957, 0.9949302307006616, 0.9838455811886103, 0.9287225484848023, 0.00020875028567388654, 1141.4, 41.2, 0.9462930311230545, 0.9945486541077806, 0.9639241417982175, 1.8095054149627685, 3.6413682337481568, 779.0843780517578
stderr, 0.006074414524484355, 4.472278226934707e-05, 132.84750656297618, 462.7255125881866, 0.011809641826368353, 9.319074310536835e-06, 0.0013376913841349185, 0.017169389913169193, 2.912392397283684e-05, 21.10118480085893, 5.748043145279966, 0.009923789787535523, 0.00011087167149758936, 0.0021820927451505394, 0.023583150462700344, 0.10292838335099663, 13.08811730099334

TEdgeRecurrent, 0.9476909041404724, 0.000184602991794236, 20726.0, 1910.0, 0.9313800386464748, 0.9949658413972203, 0.9795115236622891, 0.8950366377830505, 0.00022800394799560308, 1100.0, 45.0, 0.9267059814658803, 0.9949825670045815, 0.964859928357925, 1.744616985321045, 3.39014413356781, 732.7058310508728
TEdgeRecurrent, 0.9703246355056763, 1.227464872499695e-05, 21221.0, 127.0, 0.9820445184876673, 0.9949245907869266, 0.9860507218336857, 0.9251424074172974, 0.0001266688632313162, 1137.0, 25.0, 0.9510664993726474, 0.9944825414131425, 0.9576361485274439, 1.7848858833312988, 3.4705646302964954, 768.8037555217743
TEdgeRecurrent, 0.9588477611541748, 0.00019987381529062986, 20970.0, 2068.0, 0.9339093257326089, 0.9949118173632933, 0.9819750105752514, 0.8885272741317749, 0.00024827098241075873, 1092.0, 49.0, 0.9215189873417721, 0.9943696979057915, 0.9616439951498099, 1.8148632049560547, 3.63153612613678, 795.1705148220062
TEdgeRecurrent, 0.978738009929657, 1.691388570179697e-05, 21405.0, 175.0, 0.9852704257767549, 0.9949205064540142, 0.9864130750343009, 0.9755899310112, 0.00015706938575021923, 1199.0, 31.0, 0.9751931679544531, 0.9944133486759661, 0.9709411419243483, 1.8145849704742432, 3.9718614491549404, 805.9839942455292
TEdgeRecurrent, 0.9792409539222717, 0.00020538290846161544, 21416.0, 2125.0, 0.9432075928739732, 0.9949283975018534, 0.9852775748375243, 0.9593164920806885, 0.00028373824898153543, 1179.0, 56.0, 0.9569805194805194, 0.9944951155394206, 0.9645394950315601, 1.8885760307312012, 3.7427348295847573, 792.7577946186066

[0]:
, TPR, FPR, TP, FP, F1, AUC, AP, UW_TPR, UW_FPR, UW_TP, UW_FP, UW_F1, UW_AUC, UW_AP, FwdTime, TPE, tr_time
mean, 0.31888431310653687, 0.04890452139079571, 6974.0, 505992.0, 0.0281457933694537, 0.8341793626406314, 0.04026405412425708, 0.471114718914032, 0.054032883048057555, 579.0, 10664.2, 0.09609453252106966, 0.8653749232385664, 0.13298208068497755, 1.8095054149627685, 3.6413682337481568, 779.0843780517578
stderr, 0.026508007465255702, 0.006610309439593137, 579.7301958670084, 68393.74955578908, 0.004845068762404496, 0.009280100011909457, 0.00916846330238964, 0.021124091225307704, 0.005915781172063645, 25.961509971494337, 1167.5680879503345, 0.010148179677623798, 0.0077789666617107, 0.015697488953449086, 0.023583150462700344, 0.10292838335099663, 13.08811730099334

StaticEncoder, 0.33703702688217163, 0.054548829793930054, 7371.0, 564391.0, 0.024833566923615977, 0.8299310498162418, 0.0532667324778193, 0.49633848667144775, 0.05945329740643501, 610.0, 11734.0, 0.0898843291829367, 0.8535401122976666, 0.13255222176608947, 1.744616985321045, 3.39014413356781, 732.7058310508728
StaticEncoder, 0.22450846433639526, 0.046340182423591614, 4910.0, 479460.0, 0.019397914032869782, 0.8432523911508117, 0.014238329450709858, 0.3913750946521759, 0.0497555285692215, 481.0, 9820.0, 0.08343451864700781, 0.8778965020367919, 0.092185536646365, 1.7848858833312988, 3.4705646302964954, 768.8037555217743
StaticEncoder, 0.33534520864486694, 0.06604611873626709, 7334.0, 683348.0, 0.02058516431081521, 0.8001569991246386, 0.051984748201194836, 0.5142391920089722, 0.07010868191719055, 632.0, 13837.0, 0.0805198114409479, 0.8457092474061794, 0.17341105287700823, 1.8148632049560547, 3.63153612613678, 795.1705148220062
StaticEncoder, 0.3859167695045471, 0.05177833512425423, 8440.0, 535726.0, 0.029821424785702676, 0.8444041393567536, 0.022252651819044192, 0.47843775153160095, 0.056504447013139725, 588.0, 11152.0, 0.09067777006708304, 0.8617008769133826, 0.10484257026203506, 1.8145849704742432, 3.9718614491549404, 805.9839942455292
StaticEncoder, 0.31161409616470337, 0.025809140875935555, 6815.0, 267035.0, 0.04609089679426485, 0.8531522337547117, 0.059577808672517205, 0.47518306970596313, 0.034342460334300995, 584.0, 6778.0, 0.13595623326737286, 0.8880278775388114, 0.16191902187339002, 1.8885760307312012, 3.7427348295847573, 792.7577946186066

Namespace(compressed=True, dataset='OPTC', delta=0.25, encoder='GCN', fpweight=0.6, hidden=32, impl='TEDGE', load=False, ngrus=1, nowrite=False, rnn='LSTM', te_end=None, tests=5, threads=1, workers=8, zdim=16)

[0]:
, TPR, FPR, TP, FP, F1, AUC, AP, UW_TPR, UW_FPR, UW_TP, UW_FP, UW_F1, UW_AUC, UW_AP, FwdTime, TPE, tr_time
mean, 0.9598415613174438, 0.00012149113599662087, 21081.0, 1257.0, 0.9521526083218547, 0.994851582378591, 0.9839866377436619, 0.8823361873626709, 0.000154923927038908, 619.4, 27.4, 0.9178160730738595, 0.9918767552756957, 0.9587959860782908, 1.1893642902374268, 2.055883385966523, 559.5100907802582
stderr, 0.005819724581962532, 4.740882618270763e-05, 127.8186214915495, 490.5122832305018, 0.011019462746541666, 8.532614203325514e-06, 0.0038125924435071625, 0.02342687428992323, 1.8373838481340683e-05, 16.445668122639468, 3.249615361854384, 0.012817005550959734, 3.6355242974481816e-05, 0.002887236824709083, 0.011516715192542234, 0.020428833944039236, 3.1751477365944285

TEdgeRecurrent, 0.9503710865974426, 5.895751201023813e-06, 20873.0, 61.0, 0.9731682868265846, 0.9948736393976619, 0.9906138859884579, 0.9316239356994629, 0.00012439147394616157, 654.0, 22.0, 0.9492017416545718, 0.9919715872611083, 0.9612643086902081, 1.193809986114502, 2.1270036697387695, 560.337641954422
TEdgeRecurrent, 0.9463643431663513, 0.00018547453510109335, 20785.0, 1919.0, 0.9306646965321155, 0.9948311832679235, 0.9731442081278102, 0.8219373226165771, 0.00017527889576740563, 577.0, 31.0, 0.8809160305343512, 0.9918982523513766, 0.950227330479931, 1.190053939819336, 2.0109572410583496, 561.7252817153931
TEdgeRecurrent, 0.976597011089325, 0.0002054814249277115, 21449.0, 2126.0, 0.9420264394571567, 0.9948528083843869, 0.9889940447878894, 0.93304842710495, 0.00020354968728497624, 655.0, 36.0, 0.9404163675520459, 0.9917726929985144, 0.9584373174143772, 1.1921765804290771, 2.036587691307068, 551.4473855495453
TEdgeRecurrent, 0.9702226519584656, 5.50914455743623e-06, 21309.0, 57.0, 0.9835906667589835, 0.9948666905381941, 0.990796445648651, 0.8347578644752502, 0.00010177484364248812, 586.0, 18.0, 0.8973966309341501, 0.991925733813431, 0.9677796271515507, 1.149383783340454, 2.0315275409004907, 569.7152695655823
TEdgeRecurrent, 0.9556527137756348, 0.00020509482419583946, 20989.0, 2122.0, 0.9313129520344323, 0.994833590304788, 0.9763846041655015, 0.8903133869171143, 0.00016962473455350846, 625.0, 30.0, 0.9211495946941783, 0.9918155099540482, 0.9562713466553865, 1.2213971614837646, 2.073340786827935, 554.3248751163483

[0]:
, TPR, FPR, TP, FP, F1, AUC, AP, UW_TPR, UW_FPR, UW_TP, UW_FP, UW_F1, UW_AUC, UW_AP, FwdTime, TPE, tr_time
mean, 0.17708873748779297, 0.02980928458273411, 3889.4, 308419.8, 0.02355448814108394, 0.8164470382080287, 0.022480445515986613, 0.37236467003822327, 0.035491148754954335, 261.4, 6277.0, 0.07294467550600708, 0.8505165387256408, 0.10424138911703454, 1.1893642902374268, 2.055883385966523, 559.5100907802582
stderr, 0.018907477327462736, 0.003073225748026178, 415.26492748605676, 31796.929644857217, 0.002242261323265312, 0.013067375903486039, 0.004551506242116868, 0.014677204936182252, 0.002501355868135588, 10.303397497913005, 442.3922467675038, 0.004165277389484179, 0.014188376043712411, 0.01736245587520852, 0.011516715192542234, 0.020428833944039236, 3.1751477365944285

StaticEncoder, 0.19332513213157654, 0.02494637295603752, 4246.0, 258106.0, 0.029868279900814237, 0.7932183585980553, 0.01561766638420071, 0.38461539149284363, 0.03527629002928734, 270.0, 6239.0, 0.0748855914574955, 0.8317079965464855, 0.09331525521694613, 1.193809986114502, 2.1270036697387695, 560.337641954422
StaticEncoder, 0.19113963842391968, 0.027446171268820763, 4198.0, 283970.0, 0.027072430682518033, 0.8015949113779702, 0.036014516519861296, 0.40028488636016846, 0.03066815249621868, 281.0, 5424.0, 0.08771656001248634, 0.8541049330496976, 0.1460757230532649, 1.190053939819336, 2.0109572410583496, 561.7252817153931
StaticEncoder, 0.2321176528930664, 0.040898244827985764, 5098.0, 423151.0, 0.02264710847334145, 0.846982785804713, 0.010120023461621044, 0.4017094075679779, 0.0447470061480999, 282.0, 7914.0, 0.0633850303438975, 0.8741171157461352, 0.04532394035272614, 1.1921765804290771, 2.036587691307068, 551.4473855495453
StaticEncoder, 0.13117516040802002, 0.024054471403360367, 2881.0, 248878.0, 0.021050554942606, 0.7911156744666049, 0.022577991166578087, 0.3304843306541443, 0.0314766950905323, 232.0, 5567.0, 0.07137363482541148, 0.807163462716411, 0.13041319899025483, 1.149383783340454, 2.0315275409004907, 569.7152695655823
StaticEncoder, 0.1376861035823822, 0.031701162457466125, 3024.0, 327994.0, 0.01713406670613999, 0.8493234607928004, 0.028072030047671934, 0.34472933411598206, 0.03528760001063347, 242.0, 6241.0, 0.0673625608907446, 0.8854891855694746, 0.1060788279719806, 1.2213971614837646, 2.073340786827935, 554.3248751163483

Namespace(compressed=True, dataset='OPTC', delta=0.5, encoder='GCN', fpweight=0.6, hidden=32, impl='TEDGE', load=False, ngrus=1, nowrite=False, rnn='LSTM', te_end=None, tests=5, threads=1, workers=8, zdim=16)

[0]:
, TPR, FPR, TP, FP, F1, AUC, AP, UW_TPR, UW_FPR, UW_TP, UW_FP, UW_F1, UW_AUC, UW_AP, FwdTime, TPE, tr_time
mean, 0.9520342350006104, 0.00012553129536172492, 20920.0, 1298.8, 0.9471443652301025, 0.9943593469510462, 0.9812630063883689, 0.8547461271286011, 0.0001529266344732605, 387.2, 24.0, 0.8944200603310566, 0.989709375255036, 0.948710986244991, 0.9987025260925293, 1.4335979986190797, 433.3190886974335
stderr, 0.011638426453272638, 4.911737425282077e-05, 255.74283958695696, 508.18917737393815, 0.016049937305518437, 1.1590265486883678e-05, 0.004489713376513112, 0.037210717807752904, 1.2902200933561867e-05, 16.856452770378468, 2.024845673131659, 0.021759190108028736, 3.648903148360308e-05, 0.0032167855512244977, 0.02090789835696868, 0.006128982503181656, 3.044754598557314

TEdgeRecurrent, 0.9307818412780762, 0.00020615819084923714, 20453.0, 2133.0, 0.9179982046678635, 0.9943608886529232, 0.9805851472007315, 0.8454746007919312, 0.00019115829491056502, 383.0, 30.0, 0.8845265588914549, 0.9897498293571143, 0.9498192086812605, 1.0377202033996582, 1.4412211894989013, 437.1600353717804
TEdgeRecurrent, 0.9254118800163269, 0.00020538497483357787, 20335.0, 2125.0, 0.9152900931718954, 0.9943253301639433, 0.9683302692184501, 0.7461368441581726, 0.00015929857909213752, 338.0, 25.0, 0.8284313725490196, 0.9895794607603228, 0.9375371980574281, 1.0095007419586182, 1.4140086412429809, 427.3947083950043
TEdgeRecurrent, 0.9559479355812073, 5.122542916069506e-06, 21006.0, 53.0, 0.976274022261985, 0.9943846068405223, 0.9894994366151132, 0.8101544976234436, 0.00012106692156521603, 367.0, 19.0, 0.8748510131108461, 0.9897928575553958, 0.9561514144208868, 0.9190309047698975, 1.444528841972351, 425.78339314460754
TEdgeRecurrent, 0.9908528327941895, 5.315846465236973e-06, 21773.0, 55.0, 0.9941555180128763, 0.9943837280282932, 0.9927009673125826, 0.9183223247528076, 0.00012743886327371, 416.0, 20.0, 0.9358830146231721, 0.9897361078770802, 0.9533452143422078, 1.0260918140411377, 1.4243839263916016, 442.16033577919006
TEdgeRecurrent, 0.957176685333252, 0.00020567492174450308, 21033.0, 2128.0, 0.9320039880358924, 0.994342181069549, 0.9751992115949673, 0.9536423683166504, 0.00016567051352467388, 432.0, 26.0, 0.9484083424807903, 0.9896886207252666, 0.9467018957231715, 1.001168966293335, 1.443847393989563, 434.0969707965851

[0]:
, TPR, FPR, TP, FP, F1, AUC, AP, UW_TPR, UW_FPR, UW_TP, UW_FP, UW_F1, UW_AUC, UW_AP, FwdTime, TPE, tr_time
mean, 0.16155456602573395, 0.017552789114415646, 3550.0, 181608.6, 0.04536642694289865, 0.8486135812080262, 0.03174098723643087, 0.42913907766342163, 0.024294944293797017, 194.4, 3812.8, 0.09591289630370088, 0.8798016789690178, 0.13721435490467776, 0.9987025260925293, 1.4335979986190797, 433.3190886974335
stderr, 0.00924682953397746, 0.004147215753952667, 203.18981273676098, 42908.85405670955, 0.014936962874701995, 0.025056247416405247, 0.010425835611454349, 0.019176095388377362, 0.0039450760415979955, 8.6867715521936, 619.1323283434649, 0.016547110599496203, 0.01757984822862277, 0.012233896734567998, 0.02090789835696868, 0.006128982503181656, 3.044754598557314

StaticEncoder, 0.16578683257102966, 0.013692653737962246, 3643.0, 141670.0, 0.04355389241244089, 0.9132832563799461, 0.033009698692604374, 0.4282560646533966, 0.0215690266340971, 194.0, 3385.0, 0.09623015873015872, 0.9263261947597197, 0.1247876517892695, 1.0377202033996582, 1.4412211894989013, 437.1600353717804
StaticEncoder, 0.18867753446102142, 0.026804912835359573, 4146.0, 277335.0, 0.027325303587022787, 0.8617317348463821, 0.03363577574414464, 0.47902870178222656, 0.031228892505168915, 217.0, 4901.0, 0.07790342846885659, 0.8958573283407683, 0.17977998790640293, 1.0095007419586182, 1.4140086412429809, 427.3947083950043
StaticEncoder, 0.13069991767406464, 0.017739752307534218, 2872.0, 183543.0, 0.027563834943303146, 0.8025921682530887, 0.011586646165015826, 0.37748345732688904, 0.02664109319448471, 171.0, 4181.0, 0.07117585848074921, 0.8419349993165283, 0.10544691056051345, 0.9190309047698975, 1.444528841972351, 425.78339314460754
StaticEncoder, 0.16278329491615295, 0.025437774136662483, 3577.0, 263190.0, 0.024776529831232838, 0.7799121244850536, 0.011791554943854995, 0.46357616782188416, 0.03171316161751747, 210.0, 4977.0, 0.07446808510638298, 0.835668819258133, 0.1351466012682392, 1.0260918140411377, 1.4243839263916016, 442.16033577919006
StaticEncoder, 0.15982525050640106, 0.004088852554559708, 3512.0, 42305.0, 0.10361257394049359, 0.8855486220756601, 0.06868126063653456, 0.3973509967327118, 0.010322547517716885, 180.0, 1620.0, 0.15978695073235685, 0.8992210531699404, 0.1409106229989638, 1.001168966293335, 1.443847393989563, 434.0969707965851

Namespace(compressed=True, dataset='OPTC', delta=1.0, encoder='GCN', fpweight=0.6, hidden=32, impl='TEDGE', load=False, ngrus=1, nowrite=False, rnn='LSTM', te_end=None, tests=5, threads=1, workers=8, zdim=16)

[0]:
, TPR, FPR, TP, FP, F1, AUC, AP, UW_TPR, UW_FPR, UW_TP, UW_FP, UW_F1, UW_AUC, UW_AP, FwdTime, TPE, tr_time
mean, 0.9393222689628601, 0.000162723061748693, 20651.0, 1683.6, 0.9320996926574499, 0.9938717557058995, 0.9799511203080906, 0.7516616225242615, 0.00015875217941356822, 248.8, 20.6, 0.8267409328927382, 0.9887328258087743, 0.9186227951417086, 0.7892743110656738, 1.0319023798932931, 372.70896692276
stderr, 0.011334089226409976, 3.936916787032176e-05, 249.18005538164562, 407.3296699235154, 0.009853146699950441, 6.764024687221652e-06, 0.00351503452797358, 0.038457682544318965, 1.1585284953018657e-05, 12.72949331277565, 1.5033296378372907, 0.025081499530050535, 8.165284256591376e-05, 0.005917139497730782, 0.024220291599166208, 0.005742986982859136, 4.071567117236141

TEdgeRecurrent, 0.9161246418952942, 0.0002044186694547534, 20141.0, 2115.0, 0.9105128726746683, 0.9938607255962766, 0.9696539786879996, 0.6737160086631775, 0.00016954116290435195, 223.0, 22.0, 0.7743055555555556, 0.9888676857668915, 0.9243747040238743, 0.7509231567382812, 1.0410957119681619, 378.64873600006104
TEdgeRecurrent, 0.9308164715766907, 5.509155471372651e-06, 20464.0, 57.0, 0.9628758292946878, 0.993874157280485, 0.9869439129190207, 0.8338368535041809, 0.00011559624545043334, 276.0, 15.0, 0.887459807073955, 0.9885700341657334, 0.932125590760839, 0.8550353050231934, 1.0194604926639133, 364.6985788345337
TEdgeRecurrent, 0.9628837704658508, 0.00020606175530701876, 21169.0, 2132.0, 0.9349026189109216, 0.9938717962517589, 0.9770087489465994, 0.8549848794937134, 0.00018495399854145944, 283.0, 24.0, 0.8871473354231976, 0.9888996522613489, 0.9189443040278439, 0.7987105846405029, 1.0177575747172039, 368.7325131893158
TEdgeRecurrent, 0.9695701599121094, 0.0001933037128765136, 21316.0, 2000.0, 0.9410829783006999, 0.9938954240559302, 0.9887318108571905, 0.6858006119728088, 0.0001618347450857982, 227.0, 21.0, 0.7841105354058722, 0.9888233447700278, 0.9209409557945447, 0.821690559387207, 1.0464718818664551, 385.68263578414917
TEdgeRecurrent, 0.9172163009643555, 0.00020432201563380659, 20165.0, 2114.0, 0.9111241641062714, 0.9938566753450464, 0.9774171501296426, 0.7099697589874268, 0.0001618347450857982, 235.0, 21.0, 0.8006814310051107, 0.9885034120798706, 0.8967284211014409, 0.7200119495391846, 1.0347262382507325, 365.78237080574036

[0]:
, TPR, FPR, TP, FP, F1, AUC, AP, UW_TPR, UW_FPR, UW_TP, UW_FP, UW_F1, UW_AUC, UW_AP, FwdTime, TPE, tr_time
mean, 0.16181942224502563, 0.004566664737649262, 3557.6, 47248.6, 0.12002624101679134, 0.8567106948635621, 0.06545803265418518, 0.5498489379882813, 0.009155222587287426, 182.0, 1188.0, 0.23155754269487305, 0.9027843142623508, 0.3364175168800184, 0.7892743110656738, 1.0319023798932931, 372.70896692276
stderr, 0.029516296524211266, 0.0016213212536501098, 648.9158342959431, 16774.860087643057, 0.03627465149388687, 0.02220039920444439, 0.02097146519882266, 0.013510985245526503, 0.00203197152016396, 4.47213595499958, 263.6727137949621, 0.030892020079328855, 0.013337320991653242, 0.031208581944630515, 0.024220291599166208, 0.005742986982859136, 4.071567117236141

StaticEncoder, 0.09683875739574432, 0.004216243978589773, 2129.0, 43623.0, 0.0628607703323147, 0.8542304709206068, 0.042516559791852704, 0.5226585865020752, 0.008006966672837734, 173.0, 1039.0, 0.22423849643551524, 0.9059242947732663, 0.38257260249152153, 0.7509231567382812, 1.0410957119681619, 378.64873600006104
StaticEncoder, 0.1593359112739563, 0.0025167176499962807, 3503.0, 26039.0, 0.13596755099268346, 0.8518719319833625, 0.04470480437228139, 0.5468277931213379, 0.006797059439122677, 181.0, 882.0, 0.2596843615494978, 0.8942921461000574, 0.22926307773668386, 0.8550353050231934, 1.0194604926639133, 364.6985788345337
StaticEncoder, 0.2721400856971741, 0.001937579712830484, 5983.0, 20047.0, 0.24921378735811725, 0.9385119493191257, 0.14893228956393578, 0.6012084484100342, 0.005425317212939262, 199.0, 704.0, 0.3225283630470016, 0.9519049423087428, 0.3457461378595737, 0.7987105846405029, 1.0177575747172039, 368.7325131893158
StaticEncoder, 0.13309074938297272, 0.010868790559470654, 2926.0, 112453.0, 0.04260213738679712, 0.8329295022318347, 0.03924839340393066, 0.5438066720962524, 0.01699264720082283, 180.0, 2205.0, 0.1325478645066274, 0.8881468843889936, 0.40939729169705324, 0.821690559387207, 1.0464718818664551, 385.68263578414917
StaticEncoder, 0.14769160747528076, 0.0032939917873591185, 3247.0, 34081.0, 0.10948695901404414, 0.8060096198628809, 0.05188811613892536, 0.5347431898117065, 0.008554122410714626, 177.0, 1110.0, 0.21878862793572312, 0.8736533037406946, 0.31510847461525965, 0.7200119495391846, 1.0347262382507325, 365.78237080574036

Namespace(compressed=True, dataset='OPTC', delta=1.5, encoder='GCN', fpweight=0.6, hidden=32, impl='TEDGE', load=False, ngrus=1, nowrite=False, rnn='LSTM', te_end=None, tests=5, threads=1, workers=8, zdim=16)

[0]:
, TPR, FPR, TP, FP, F1, AUC, AP, UW_TPR, UW_FPR, UW_TP, UW_FP, UW_F1, UW_AUC, UW_AP, FwdTime, TPE, tr_time
mean, 0.9155161380767822, 0.00016863820346770808, 20132.2, 1744.8, 0.917755322066717, 0.9938940237442134, 0.9742872904736954, 0.7679999947547913, 0.00019291671342216432, 211.2, 22.6, 0.8284482698833557, 0.9836090417874983, 0.8875167866028603, 0.623158597946167, 0.8668526020917027, 332.88695764541626
stderr, 0.018448027454084113, 3.436527508501169e-05, 405.6720843242729, 355.55722464886014, 0.013774199811174753, 0.00025336433345650466, 0.003266659052053504, 0.03559924350208141, 1.2545508065672108e-05, 9.789790600416334, 1.4696938456699067, 0.022584008076573334, 0.0005060607920550005, 0.007622984593127243, 0.009173650036843083, 0.00816000960102443, 1.8028783131727713

TEdgeRecurrent, 0.9534333944320679, 0.00020615846733562648, 20966.0, 2133.0, 0.9299829226640645, 0.9948934197235723, 0.9683037132906276, 0.8690909147262573, 0.00021340344392228872, 239.0, 25.0, 0.8868274582560296, 0.9855249453105176, 0.8729276208286139, 0.5940992832183838, 0.845474286512895, 332.29317927360535
TEdgeRecurrent, 0.9385175108909607, 0.00020615846733562648, 20638.0, 2133.0, 0.9221420432966199, 0.9935851892034148, 0.9715112947255525, 0.7963636517524719, 0.00021340344392228872, 219.0, 25.0, 0.8439306358381503, 0.9828068993721283, 0.8806905459293983, 0.6222896575927734, 0.8638835906982422, 338.87687492370605
TEdgeRecurrent, 0.9286948442459106, 3.150851262034848e-05, 20422.0, 326.0, 0.9556834667041041, 0.9938069868677768, 0.987004810032452, 0.778181791305542, 0.0001451143471058458, 214.0, 17.0, 0.8458498023715416, 0.9837464953334487, 0.914622321039898, 0.6239616870880127, 0.8539069414138794, 329.3706169128418
TEdgeRecurrent, 0.8474761247634888, 0.00020567519823089242, 18636.0, 2128.0, 0.8717780792440474, 0.9935912017921779, 0.9727229883954919, 0.6509090662002563, 0.00019633116608019918, 179.0, 23.0, 0.750524109014675, 0.9830389736768794, 0.8759580039119178, 0.6233487129211426, 0.8842961549758911, 329.2411160469055
TEdgeRecurrent, 0.9094588160514832, 0.00019369037181604654, 19999.0, 2004.0, 0.9091900984247495, 0.9935933211341254, 0.971893645924353, 0.7454545497894287, 0.00019633116608019918, 205.0, 23.0, 0.8151093439363818, 0.9829278952445177, 0.8933854413044734, 0.6520936489105225, 0.886702036857605, 334.6530010700226

[0]:
, TPR, FPR, TP, FP, F1, AUC, AP, UW_TPR, UW_FPR, UW_TP, UW_FP, UW_F1, UW_AUC, UW_AP, FwdTime, TPE, tr_time
mean, 0.16198271960020066, 0.004153614584356547, 3562.0, 42975.0, 0.14185508936617286, 0.8181992272887282, 0.0806131695891443, 0.6312727332115173, 0.007945437123999, 173.6, 930.8, 0.2958038444441854, 0.8924298053993398, 0.36194455071286774, 0.623158597946167, 0.8668526020917027, 332.88695764541626
stderr, 0.01594725166495333, 0.002142774379435164, 350.6800536101248, 22170.02266124236, 0.030412954258869144, 0.023796351832566693, 0.013520381763572344, 0.009454548358917235, 0.0024462200311176287, 2.5999999999999996, 286.5722247532025, 0.054976604187303026, 0.009405841626790357, 0.0284958601951917, 0.009173650036843083, 0.00816000960102443, 1.8028783131727713

StaticEncoder, 0.13124147057533264, 0.01200918946415186, 2886.0, 124252.0, 0.03870500509629312, 0.7548864510591379, 0.02815940253203629, 0.6218181848526001, 0.015783319249749184, 171.0, 1849.0, 0.14901960784313728, 0.8739543037266448, 0.368584422980217, 0.5940992832183838, 0.845474286512895, 332.29317927360535
StaticEncoder, 0.17662574350833893, 0.0010355282574892044, 3884.0, 10714.0, 0.21231004700994863, 0.8599496183450343, 0.10259444986068965, 0.6218181848526001, 0.004174171481281519, 171.0, 489.0, 0.3657754010695188, 0.908815207362186, 0.3252125737999987, 0.6222896575927734, 0.8638835906982422, 338.87687492370605
StaticEncoder, 0.2107776254415512, 0.005453582387417555, 4635.0, 56425.0, 0.11161950632149305, 0.776723010164861, 0.09277430829042965, 0.6690909266471863, 0.011276237666606903, 184.0, 1321.0, 0.20674157303370788, 0.8730749884180131, 0.42463102072373193, 0.6239616870880127, 0.8539069414138794, 329.3706169128418
StaticEncoder, 0.12314688414335251, 0.0006440881406888366, 2708.0, 6664.0, 0.17269306804412984, 0.8802677931325299, 0.09704531499292283, 0.6218181848526001, 0.0025779136922210455, 171.0, 302.0, 0.4572192513368984, 0.9198109012687029, 0.41771041363755307, 0.6233487129211426, 0.8842961549758911, 329.2411160469055
StaticEncoder, 0.16812187433242798, 0.0016256846720352769, 3697.0, 16820.0, 0.17394782035899967, 0.8191692637420777, 0.08249237226964307, 0.6218181848526001, 0.005915543530136347, 171.0, 693.0, 0.30026338893766463, 0.8864936262211527, 0.2735843224228379, 0.6520936489105225, 0.886702036857605, 334.6530010700226

Namespace(compressed=True, dataset='OPTC', delta=2.0, encoder='GCN', fpweight=0.6, hidden=32, impl='TEDGE', load=False, ngrus=1, nowrite=False, rnn='LSTM', te_end=None, tests=5, threads=1, workers=8, zdim=16)

[0]:
, TPR, FPR, TP, FP, F1, AUC, AP, UW_TPR, UW_FPR, UW_TP, UW_FP, UW_F1, UW_AUC, UW_AP, FwdTime, TPE, tr_time
mean, 0.9485067367553711, 0.00020107479067519308, 20866.2, 2080.4, 0.9284317335494225, 0.9941442108491035, 0.9774482681544727, 0.6584615230560302, 0.0004209731559967622, 171.2, 44.6, 0.7231682541052435, 0.9902953056193888, 0.8389279597879605, 0.5794912338256836, 0.7557324647903443, 241.14166283607483
stderr, 0.008730831524862901, 3.6917520110067835e-06, 192.0696227934027, 38.196334902710234, 0.003916869360684283, 0.0009011423954006189, 0.005123097109166805, 0.04987261815408679, 0.0002535454231445441, 12.96688088940436, 26.86186888509435, 0.048455513005711943, 0.001094108254149329, 0.05747769700408013, 0.02240828993905198, 0.009120458077299708, 47.153953718682196

TEdgeRecurrent, 0.9543160796165466, 0.00020973480422981083, 20994.0, 2170.0, 0.9296990899630229, 0.9977486395707105, 0.9839571011511117, 0.6653845906257629, 0.0014347067335620522, 173.0, 152.0, 0.5914529914529915, 0.9946691498128565, 0.6093859347156081, 0.6323750019073486, 0.7759243726730347, 52.613232135772705
TEdgeRecurrent, 0.9735442399978638, 0.00020567543106153607, 21417.0, 2128.0, 0.9404971017038468, 0.9932476890967188, 0.9785070669019876, 0.807692289352417, 0.0001887771941255778, 210.0, 20.0, 0.8571428571428572, 0.9892599933927981, 0.8906151385119987, 0.5271403789520264, 0.7367937781594016, 287.35920786857605
TEdgeRecurrent, 0.9286330938339233, 0.00019156423513777554, 20429.0, 1982.0, 0.9200180139608197, 0.9932142756852749, 0.957654856038731, 0.4961538314819336, 0.00015102175530046225, 129.0, 16.0, 0.6370370370370371, 0.989308440155814, 0.8935663735384074, 0.5719342231750488, 0.7767066955566406, 286.06031107902527
TEdgeRecurrent, 0.9287240505218506, 0.00019291735952720046, 20431.0, 1996.0, 0.9197767073335434, 0.9932473701768014, 0.9808296292810721, 0.6846153736114502, 0.00015102175530046225, 178.0, 16.0, 0.7841409691629956, 0.9891204434811967, 0.908785613972359, 0.6300327777862549, 0.7343639850616455, 285.9283404350281
TEdgeRecurrent, 0.9573162198066711, 0.00020548212341964245, 21060.0, 2126.0, 0.9321677547858803, 0.9932630797160121, 0.9862926873994612, 0.6384615302085876, 0.00017933834169525653, 166.0, 19.0, 0.746067415730337, 0.9891185012542794, 0.8922867382014296, 0.5359737873077393, 0.7548734925009988, 293.74722266197205

[0]:
, TPR, FPR, TP, FP, F1, AUC, AP, UW_TPR, UW_FPR, UW_TP, UW_FP, UW_F1, UW_AUC, UW_AP, FwdTime, TPE, tr_time
mean, 0.18207191228866576, 0.002758950280258432, 4005.4, 28545.2, 0.17846583272278954, 0.8404506788078141, 0.10666184364835622, 0.6707692384719849, 0.006911133043467998, 174.4, 732.2, 0.3367436722195736, 0.9169905974435212, 0.43980639818351835, 0.5794912338256836, 0.7557324647903443, 241.14166283607483
stderr, 0.015104558992944763, 0.0011885448954125938, 332.28520881917086, 12297.159539503422, 0.03649863924286402, 0.02631569480975892, 0.01468664078800225, 0.006728019142059304, 0.0019151174285512275, 1.74928556845359, 202.89711678582324, 0.05519458518535512, 0.011842902680767294, 0.04523265307478107, 0.02240828993905198, 0.009120458077299708, 47.153953718682196

StaticEncoder, 0.19569070637226105, 0.004856955725699663, 4305.0, 50252.0, 0.11246669104968912, 0.8263247338755701, 0.0836553520488, 0.692307710647583, 0.01208174042403698, 180.0, 1280.0, 0.20930232558139533, 0.9166985046667901, 0.33236662839657427, 0.6323750019073486, 0.7759243726730347, 52.613232135772705
StaticEncoder, 0.18409927189350128, 0.0008636821294203401, 4050.0, 8936.0, 0.23152779762755465, 0.9423260213551551, 0.13792089385400877, 0.6807692050933838, 0.0034074282739311457, 177.0, 361.0, 0.44360902255639106, 0.9619196281089244, 0.41963832469050666, 0.5271403789520264, 0.7367937781594016, 287.35920786857605
StaticEncoder, 0.14477930963039398, 0.006338920444250107, 3185.0, 65585.0, 0.0701781445207064, 0.793850180776188, 0.06155616884468666, 0.6615384817123413, 0.010779177770018578, 172.0, 1142.0, 0.21855146124523506, 0.8947154365291133, 0.5859084316154365, 0.5719342231750488, 0.7767066955566406, 286.06031107902527
StaticEncoder, 0.2299650013446808, 0.001247390522621572, 5059.0, 12906.0, 0.2531778600740667, 0.8086075613534903, 0.11823553771062639, 0.6615384817123413, 0.005568927153944969, 172.0, 590.0, 0.3365949119373777, 0.9013277208420916, 0.3695143153700123, 0.6300327777862549, 0.7343639850616455, 285.9283404350281
StaticEncoder, 0.15582527220249176, 0.0004878025793004781, 3428.0, 5047.0, 0.22497867034193086, 0.8311448966786672, 0.13194126578365928, 0.6576923131942749, 0.0027183915954083204, 171.0, 288.0, 0.4756606397774688, 0.9102916970706862, 0.49160429084506235, 0.5359737873077393, 0.7548734925009988, 293.74722266197205

Namespace(compressed=True, dataset='OPTC', delta=2.5, encoder='GCN', fpweight=0.6, hidden=32, impl='TEDGE', load=False, ngrus=1, nowrite=False, rnn='LSTM', te_end=None, tests=5, threads=1, workers=8, zdim=16)

[0]:
, TPR, FPR, TP, FP, F1, AUC, AP, UW_TPR, UW_FPR, UW_TP, UW_FP, UW_F1, UW_AUC, UW_AP, FwdTime, TPE, tr_time
mean, 0.9455462694168091, 0.0001672853042691713, 20805.8, 1730.8, 0.934241655232916, 0.9947353706061776, 0.9831406788628467, 0.760162603855133, 0.0009552934730891139, 187.0, 93.4, 0.7175208722627282, 0.9867651205533953, 0.7047340735577962, 0.479904317855835, 0.6748510911729602, 131.08560552597046
stderr, 0.01667855725024015, 3.7754673935515634e-05, 366.995149831711, 390.6248071999524, 0.011200912482209995, 0.0010165423305527927, 0.002626450562825075, 0.0638871282039534, 0.0003303115547452991, 15.71623364550171, 32.29489123685045, 0.06442379246025115, 0.0011969927233464435, 0.07344647526299387, 0.01827956128132648, 0.006748685332183045, 49.32197137974215

TEdgeRecurrent, 0.9883202910423279, 0.00019832992984447628, 21747.0, 2052.0, 0.9495884549047007, 0.9980171651175558, 0.9899232866226693, 0.772357702255249, 0.0016467050882056355, 190.0, 161.0, 0.6365159128978224, 0.9908783657647665, 0.623541849323525, 0.43857312202453613, 0.6751632452011108, 45.38699817657471
TEdgeRecurrent, 0.9307398796081543, 1.720405816740822e-05, 20480.0, 178.0, 0.9601050114856312, 0.9930589364357545, 0.9879635953955586, 0.9268292784690857, 0.0001943316456163302, 228.0, 19.0, 0.924949290060852, 0.984826643609636, 0.8903004969926218, 0.49547839164733887, 0.6723871231079102, 251.69130110740662
TEdgeRecurrent, 0.8913834095001221, 0.00021601724438369274, 19614.0, 2235.0, 0.8945340113561215, 0.9933373073028096, 0.9754859369773822, 0.869918704032898, 0.001053482061251998, 214.0, 103.0, 0.7602131438721137, 0.9849583184798923, 0.6141183361938896, 0.4387083053588867, 0.6993891477584839, 64.89455723762512
TEdgeRecurrent, 0.9695509672164917, 0.00021176456357352436, 21334.0, 2191.0, 0.9371609303960113, 0.9962302358380787, 0.9800926402039284, 0.6178861856460571, 0.0016876169247552752, 152.0, 165.0, 0.5399644760213145, 0.988105460137356, 0.5267485010056939, 0.5333001613616943, 0.6687588691711426, 42.10312819480896
TEdgeRecurrent, 0.9477367997169495, 0.000193110725376755, 20854.0, 1998.0, 0.9298198680221151, 0.9930332083366895, 0.982237935114695, 0.6138211488723755, 0.0001943316456163302, 151.0, 19.0, 0.7259615384615384, 0.9850568147753258, 0.8689611842732504, 0.49346160888671875, 0.6585570706261529, 251.3520429134369

[0]:
, TPR, FPR, TP, FP, F1, AUC, AP, UW_TPR, UW_FPR, UW_TP, UW_FP, UW_F1, UW_AUC, UW_AP, FwdTime, TPE, tr_time
mean, 0.1784130185842514, 0.0016757139819674194, 3925.8, 17337.6, 0.18893908468940662, 0.8824081639209957, 0.11816579903127329, 0.6691056847572326, 0.005760399345308542, 164.6, 563.2, 0.35366205928105104, 0.9358362659784148, 0.41396858425833055, 0.479904317855835, 0.6748510911729602, 131.08560552597046
stderr, 0.022280025153543423, 0.0006173189662759183, 490.2496710860702, 6387.026034078771, 0.02711146523794413, 0.02694513859582764, 0.022602299105264453, 0.012764487863485293, 0.0010701538990241523, 3.1400636936215163, 104.63001481410579, 0.038110174033589975, 0.01078644614967791, 0.03565784907221899, 0.01827956128132648, 0.006748685332183045, 49.32197137974215

StaticEncoder, 0.09357389807701111, 0.0008805964607745409, 2059.0, 9111.0, 0.12413335744860432, 0.8195486945764343, 0.07272598033308587, 0.6829268336296082, 0.004582135938107967, 168.0, 448.0, 0.38979118329466356, 0.9128613585437284, 0.49467775954128085, 0.43857312202453613, 0.6751632452011108, 45.38699817657471
StaticEncoder, 0.18014906346797943, 0.0017295877914875746, 3964.0, 17895.0, 0.18074459111323898, 0.9023499160162249, 0.09761670151626786, 0.6260162591934204, 0.006934571545571089, 154.0, 678.0, 0.28571428571428575, 0.9434322138017384, 0.30507473049605993, 0.49547839164733887, 0.6723871231079102, 251.69130110740662
StaticEncoder, 0.21409744024276733, 0.0009387810132466257, 4711.0, 9713.0, 0.25864719446579554, 0.8906852996080404, 0.1439494624265982, 0.6869918704032898, 0.0042343842796981335, 169.0, 414.0, 0.4077201447527141, 0.9369461558297043, 0.41235728651054143, 0.4387083053588867, 0.6993891477584839, 64.89455723762512
StaticEncoder, 0.21496091783046722, 0.004050492774695158, 4730.0, 41908.0, 0.13781649718831038, 0.8307961415413609, 0.08233450241618864, 0.6544715166091919, 0.00940974336117506, 161.0, 920.0, 0.24265259984928408, 0.9143494051513936, 0.3713717670978653, 0.5333001613616943, 0.6687588691711426, 42.10312819480896
StaticEncoder, 0.18928377330303192, 0.0007791118696331978, 4165.0, 8061.0, 0.2433537832310839, 0.968660767862918, 0.19420234846422577, 0.6951219439506531, 0.0036411616019904613, 171.0, 356.0, 0.44243208279430785, 0.9715921965655103, 0.48636137764590515, 0.49346160888671875, 0.6585570706261529, 251.3520429134369

Namespace(compressed=True, dataset='OPTC', delta=3.0, encoder='GCN', fpweight=0.6, hidden=32, impl='TEDGE', load=False, ngrus=1, nowrite=False, rnn='LSTM', te_end=None, tests=5, threads=1, workers=8, zdim=16)

[0]:
, TPR, FPR, TP, FP, F1, AUC, AP, UW_TPR, UW_FPR, UW_TP, UW_FP, UW_F1, UW_AUC, UW_AP, FwdTime, TPE, tr_time
mean, 0.8937729954719543, 0.00020536649390123785, 19678.2, 2124.8, 0.8972489914723887, 0.9934244556876921, 0.9581894468937371, 0.6699588537216187, 0.0005228102236287668, 162.8, 50.0, 0.7165310208103974, 0.9859430147198827, 0.7939367059878293, 0.3913383960723877, 0.6097774668895837, 169.12912693023682
stderr, 0.028314451887729054, 3.3785983532342614e-06, 623.3991819051416, 34.956258381010976, 0.015214153810439808, 0.0008962240979312811, 0.008506729423774973, 0.07228521313503805, 0.00028899632661796783, 17.565306715227038, 27.63874092646045, 0.06536873432088829, 0.0014752057463761755, 0.05985079401568329, 0.006780635897862048, 0.0055903669747507, 41.976630719462015

TEdgeRecurrent, 0.8281328082084656, 0.00020567578030750155, 18233.0, 2128.0, 0.860493652366794, 0.992512381721929, 0.9450801295087116, 0.7572016716003418, 0.00020912408945150673, 184.0, 20.0, 0.8232662192393736, 0.9843709007537975, 0.8443658643676729, 0.3907737731933594, 0.6116615136464437, 239.6339395046234
TEdgeRecurrent, 0.9531271457672119, 0.00020567578030750155, 20985.0, 2128.0, 0.929980057611345, 0.9925158901287976, 0.9389473323212579, 0.6172839403152466, 0.00020912408945150673, 150.0, 20.0, 0.7263922518159805, 0.9846520134367818, 0.8486183067491565, 0.4115622043609619, 0.6151253310116854, 235.9038004875183
TEdgeRecurrent, 0.9683880805969238, 0.00021253808517940342, 21321.0, 2199.0, 0.936425324461427, 0.9970092620082259, 0.9848097703445634, 0.588477373123169, 0.0016729927156120539, 143.0, 160.0, 0.5238095238095238, 0.9918302191271857, 0.5549821131491668, 0.39486169815063477, 0.6071155721491034, 44.886494398117065
TEdgeRecurrent, 0.8718717098236084, 0.00021002512949053198, 19196.0, 2173.0, 0.8848937445258839, 0.9925437475800487, 0.9705447669840281, 0.9012345671653748, 0.0003450547519605607, 219.0, 33.0, 0.8848484848484849, 0.984152869533121, 0.8557210134059825, 0.36904454231262207, 0.5905312299728394, 90.88290429115295
TEdgeRecurrent, 0.847345232963562, 0.0001929176942212507, 18656.0, 1996.0, 0.8744521783964939, 0.992540996999459, 0.9515652353101245, 0.4855967164039612, 0.00017775547166820616, 118.0, 17.0, 0.6243386243386244, 0.9847090707485278, 0.8659962322671676, 0.39044976234436035, 0.6244536876678467, 234.33849596977234

[0]:
, TPR, FPR, TP, FP, F1, AUC, AP, UW_TPR, UW_FPR, UW_TP, UW_FP, UW_F1, UW_AUC, UW_AP, FwdTime, TPE, tr_time
mean, 0.22545305788516998, 0.009002722788136453, 4963.8, 93145.6, 0.18157015733592258, 0.8408082666183887, 0.12566338551386924, 0.6897119283676147, 0.017210911866277455, 167.6, 1646.0, 0.23472314133308458, 0.9246561382587304, 0.3474797076182993, 0.3913383960723877, 0.6097774668895837, 169.12912693023682
stderr, 0.04651545625051055, 0.005637486697879367, 1024.130772899633, 58327.585786315554, 0.07583618104578091, 0.0382982357640187, 0.06151151932856519, 0.020600807042349796, 0.007366499887084498, 5.005996404313531, 704.5099715405028, 0.06178142293098265, 0.012261168007957596, 0.07980576531522049, 0.006780635897862048, 0.0055903669747507, 41.976630719462015

StaticEncoder, 0.38361266255378723, 0.000728177314158529, 8446.0, 7534.0, 0.4445614127431113, 0.9325403305843343, 0.35405383776888505, 0.7078189253807068, 0.003941989038139582, 172.0, 377.0, 0.43434343434343436, 0.9567451144461668, 0.3807657846330679, 0.3907737731933594, 0.6116615136464437, 239.6339395046234
StaticEncoder, 0.1311713606119156, 0.008269945159554482, 2888.0, 85564.0, 0.05228616172862975, 0.786192084233804, 0.038584437563546486, 0.6995884776115417, 0.018664324656128883, 170.0, 1785.0, 0.15468607825295722, 0.904737460848938, 0.36929267975510643, 0.4115622043609619, 0.6151253310116854, 235.9038004875183
StaticEncoder, 0.138665571808815, 0.03096928261220455, 3053.0, 320420.0, 0.017673449303887232, 0.7204997353965525, 0.00561331644782926, 0.6913580298423767, 0.04508715122938156, 168.0, 4312.0, 0.0711412237984332, 0.888811048257706, 0.09367405131427321, 0.39486169815063477, 0.6071155721491034, 44.886494398117065
StaticEncoder, 0.20883862674236298, 0.0027674410957843065, 4598.0, 28633.0, 0.1664494642339994, 0.881232594605926, 0.08963232392227913, 0.6131687164306641, 0.009912481531500816, 149.0, 948.0, 0.22238805970149253, 0.9337412285678472, 0.30254862908829966, 0.36904454231262207, 0.5905312299728394, 90.88290429115295
StaticEncoder, 0.2649770677089691, 0.0022787677589803934, 5834.0, 23577.0, 0.22688029866998521, 0.8835765882713267, 0.1404330118668062, 0.7366254925727844, 0.008448612876236439, 179.0, 808.0, 0.29105691056910565, 0.9392458391729942, 0.5911173933007494, 0.39044976234436035, 0.6244536876678467, 234.33849596977234

