Namespace(compressed=True, dataset='OPTC', delta=0.125, encoder='GCN', fpweight=0.6, hidden=32, impl='DYNTEDGE', load=False, ngrus=1, nowrite=False, rnn='GRU', te_end=None, tests=5, threads=1, workers=8, zdim=16)

[0]:
, TPR, FPR, TP, FP, F1, AUC, AP, UW_TPR, UW_FPR, UW_TP, UW_FP, UW_F1, UW_AUC, UW_AP, FwdTime, TPE, tr_time
mean, 0.9738125801086426, 1.4879226910124999e-05, 8344.6, 80.2, 0.9819995585804502, 0.9997840740432196, 0.9930019603449318, 0.9361344575881958, 0.00046263380791060625, 111.4, 46.2, 0.8059117900524158, 0.9857533392175852, 0.883927937042694, 0.22883706092834472, 5.50089598109728, 767.5138152122497
stderr, 0.008620983122579832, 9.153060332413156e-07, 73.87326986129692, 4.933558553417603, 0.004561937330201466, 2.016104890157501e-05, 0.0007824284917135248, 0.013705466771577943, 3.489029622469428e-05, 1.630950643030009, 3.484250278036869, 0.015163832939949166, 0.0007882569304330093, 0.021005219392663962, 0.002592926395547614, 0.02418650164013851, 19.7752844288969

0.961255669593811, 1.7439493603887968e-05, 8237.0, 94.0, 0.9747928994082841, 0.999765453537352, 0.9912959191954503, 0.8991596698760986, 0.0005407407879829407, 107.0, 54.0, 0.7642857142857143, 0.9859617760365313, 0.8192632813764811, 0.22179818153381348, 5.465479771296184, 712.6777248382568
0.9542537331581116, 1.651185993978288e-05, 8177.0, 89.0, 0.9714285714285714, 0.9997618282465334, 0.9924290773463758, 0.9159663915634155, 0.0005307270912453532, 109.0, 53.0, 0.7758007117437722, 0.9841638506939382, 0.8622388460156015, 0.22490239143371582, 5.542995499298636, 815.4309837818146
0.9996498823165894, 1.3914488590671681e-05, 8566.0, 75.0, 0.9954677513073795, 0.9998646745230253, 0.9958939661960758, 0.9747899174690247, 0.0004305899201426655, 116.0, 43.0, 0.8345323741007195, 0.9886315681054473, 0.9454798616867028, 0.23335003852844238, 5.521334534493562, 771.4338715076447
0.9883300065994263, 1.4100015505391639e-05, 8469.0, 76.0, 0.9897160219703167, 0.9997651865926416, 0.9931715933737789, 0.9579831957817078, 0.0004606310685630888, 114.0, 46.0, 0.8172043010752688, 0.9854801918965117, 0.8901544713051368, 0.22831225395202637, 5.424535656397322, 804.356721162796
0.9655736088752747, 1.2430276910890825e-05, 8274.0, 67.0, 0.9785925487876995, 0.9997632273165457, 0.9922192456129788, 0.9327731132507324, 0.00035048017161898315, 111.0, 35.0, 0.8377358490566038, 0.9845293093554977, 0.9025032248295474, 0.23582243919372559, 5.550134444000697, 733.6697747707367

[1]:
, TPR, FPR, TP, FP, F1, AUC, AP, UW_TPR, UW_FPR, UW_TP, UW_FP, UW_F1, UW_AUC, UW_AP, FwdTime, TPE, tr_time
mean, 0.8762739419937133, 0.00045158349093981086, 5898.2, 2066.4, 0.8017271416180133, 0.9850848030337837, 0.9247068465765969, 0.7775700807571411, 0.001108140405267477, 499.2, 97.4, 0.8054643310235015, 0.9926786386120936, 0.8853428451219187, 0.218078088760376, 5.50089598109728, 767.5138152122497
stderr, 0.03250267900831171, 1.4291942444265385e-05, 218.77554707964964, 65.3984709301372, 0.02017054062087558, 0.0012468005186848207, 0.02752244609197805, 0.02145012794944424, 3.348070715522651e-05, 13.770983988081605, 2.942787793912432, 0.012284971788434641, 0.0003149275262346883, 0.01858025851179153, 0.008415106201348228, 0.02418650164013851, 19.7752844288969

0.9417619705200195, 0.00044821802293881774, 6339.0, 2051.0, 0.8384366113352291, 0.983988164492873, 0.9543337790402185, 0.7710280418395996, 0.0011149666970595717, 495.0, 98.0, 0.8016194331983807, 0.9929664111756117, 0.9182598328168536, 0.20909428596496582, 5.465479771296184, 712.6777248382568
0.8991234302520752, 0.0004674492229241878, 6052.0, 2139.0, 0.8111513201983649, 0.9838565952106227, 0.9519038365069934, 0.822429895401001, 0.001228738809004426, 528.0, 108.0, 0.8262910798122067, 0.9922973000034203, 0.8993095865856481, 0.20602822303771973, 5.542995499298636, 815.4309837818146
0.8885752558708191, 0.0004713828966487199, 5981.0, 2157.0, 0.8044925684309638, 0.9900630473567503, 0.9457086176216027, 0.767912745475769, 0.0010353262769058347, 493.0, 91.0, 0.8042414355628058, 0.9934911274586163, 0.8720068218253297, 0.2145540714263916, 5.521334534493562, 771.4338715076447
0.9004605412483215, 0.0003972990671172738, 6061.0, 1818.0, 0.8297056810403833, 0.983952967106615, 0.956726276440384, 0.8208722472190857, 0.0011035895440727472, 527.0, 97.0, 0.8325434439178515, 0.9929660124415657, 0.9179924096142319, 0.20942354202270508, 5.424535656397322, 804.356721162796
0.7514485120773315, 0.00047356824507005513, 5058.0, 2167.0, 0.7248495270851247, 0.9835632410020575, 0.8148617232737855, 0.7056074738502502, 0.0010580806992948055, 453.0, 93.0, 0.7626262626262628, 0.9916723419812545, 0.8191455747675302, 0.25129032135009766, 5.550134444000697, 733.6697747707367

[2]:
, TPR, FPR, TP, FP, F1, AUC, AP, UW_TPR, UW_FPR, UW_TP, UW_FP, UW_F1, UW_AUC, UW_AP, FwdTime, TPE, tr_time
mean, 0.9666615128517151, 0.00038098846562206745, 6257.2, 144.8, 0.9707724534315405, 0.9998088485322436, 0.9776387859760562, 0.9666666626930237, 0.0025564055424183605, 475.6, 26.4, 0.9557432900279987, 0.9989803742813258, 0.9598234034198965, 0.1863616943359375, 5.50089598109728, 767.5138152122497
stderr, 0.03333848714828491, 1.1895525267538333e-05, 215.79999999999998, 4.521061822182926, 0.01786894325270425, 1.1686890553879883e-05, 0.0016600589226729847, 0.03333333730697632, 0.00014557272509730035, 16.4, 1.5033296378372907, 0.017102704255278534, 9.775419444174538e-05, 0.003681509418274878, 0.00613018027948631, 0.02418650164013851, 19.7752844288969

1.0, 0.0003999326436314732, 6473.0, 152.0, 0.9883951748358528, 0.9998451818634567, 0.9817786666990509, 1.0, 0.0027113391552120447, 492.0, 28.0, 0.9723320158102766, 0.9993221651980245, 0.9727527328133928, 0.19711971282958984, 5.465479771296184, 712.6777248382568
1.0, 0.00037625242839567363, 6473.0, 143.0, 0.9890747956299183, 0.9998261940298353, 0.9815100532097376, 1.0, 0.002517672022804618, 492.0, 26.0, 0.9742574257425743, 0.9989043245230554, 0.9611498317626617, 0.1676464080810547, 5.542995499298636, 815.4309837818146
1.0, 0.00038151469198055565, 6473.0, 145.0, 0.9889236880299442, 0.999798699006141, 0.97552789911826, 1.0, 0.002420838689431548, 492.0, 25.0, 0.9752229930624381, 0.99901552564475, 0.9591267219562234, 0.19187355041503906, 5.521334534493562, 771.4338715076447
1.0, 0.0004078260390087962, 6473.0, 155.0, 0.9881688420731242, 0.9997925737805113, 0.9754397234314715, 1.0, 0.003001839853823185, 492.0, 31.0, 0.9694581280788177, 0.9989348310254672, 0.955249950218295, 0.19881415367126465, 5.424535656397322, 804.356721162796
0.8333075642585754, 0.00033941652509383857, 5394.0, 129.0, 0.8992997665888629, 0.9997815939812738, 0.9739375874217615, 0.8333333134651184, 0.002130337990820408, 410.0, 22.0, 0.8874458874458875, 0.998725025015332, 0.9508377803489098, 0.17635464668273926, 5.550134444000697, 733.6697747707367

[3]:
, TPR, FPR, TP, FP, F1, AUC, AP, UW_TPR, UW_FPR, UW_TP, UW_FP, UW_F1, UW_AUC, UW_AP, FwdTime, TPE, tr_time
mean, 0.9416278004646301, 0.00021699130011256784, 20593.4, 2245.0, 0.9207899619925826, 0.9953171498790034, 0.9749090705855842, 0.8655817747116089, 0.0008269404177553951, 1063.8, 163.2, 0.8656758481399093, 0.9947760041096348, 0.911944590295208, 0.6187792778015136, 5.50089598109728, 767.5138152122497
stderr, 0.020634037334272475, 6.066076057405998e-06, 451.2663958240188, 62.759859783144826, 0.011735981143655982, 0.00038725500427639627, 0.0059280402201104246, 0.022792042523886922, 3.374053454785963e-05, 28.01142624001855, 6.658828725834596, 0.011642500769271487, 0.00024217150392639699, 0.01208037886645911, 0.006025198288429842, 0.02418650164013851, 19.7752844288969

0.9668952822685242, 0.00021737792121712118, 21146.0, 2249.0, 0.9343201148790456, 0.994967344285856, 0.9728574160734558, 0.8706265091896057, 0.000876597361639142, 1070.0, 173.0, 0.8656957928802589, 0.9949601680188206, 0.9397704926384758, 0.6209607124328613, 5.465479771296184, 712.6777248382568
0.9509831070899963, 0.00022453042038250715, 20798.0, 2323.0, 0.9245404636482851, 0.9949327991981695, 0.9818612220106826, 0.8991049528121948, 0.0009120666654780507, 1105.0, 180.0, 0.8790771678599841, 0.9944143339407209, 0.9126145206972998, 0.5952928066253662, 5.542995499298636, 815.4309837818146
0.965569257736206, 0.00022511034330818802, 21117.0, 2329.0, 0.9319887015623621, 0.9968638249876693, 0.9840196183713715, 0.8771358728408813, 0.0007701896247453988, 1078.0, 152.0, 0.8767791785278568, 0.995497748062852, 0.9144250976166186, 0.6241090297698975, 5.521334534493562, 771.4338715076447
0.9647919535636902, 0.00019340739527251571, 21100.0, 2001.0, 0.9383825131751574, 0.9949698058576225, 0.983219140840116, 0.9031733274459839, 0.0008461951510980725, 1110.0, 167.0, 0.8858739026336792, 0.9949157149742022, 0.9252493159536899, 0.6241519451141357, 5.424535656397322, 804.356721162796
0.8598994016647339, 0.00022453042038250715, 18806.0, 2323.0, 0.8747180166980628, 0.9948519750657002, 0.9525879556322954, 0.7778682112693787, 0.0007296532858163118, 956.0, 144.0, 0.8209531987977673, 0.9940920555515788, 0.8676635245699561, 0.6293818950653076, 5.550134444000697, 733.6697747707367

Namespace(compressed=True, dataset='OPTC', delta=0.25, encoder='GCN', fpweight=0.6, hidden=32, impl='DYNTEDGE', load=False, ngrus=1, nowrite=False, rnn='GRU', te_end=None, tests=5, threads=1, workers=8, zdim=16)

[0]:
, TPR, FPR, TP, FP, F1, AUC, AP, UW_TPR, UW_FPR, UW_TP, UW_FP, UW_F1, UW_AUC, UW_AP, FwdTime, TPE, tr_time
mean, 0.8899161577224731, 9.462640628044028e-06, 7642.6, 51.0, 0.9331340081682968, 0.9997630998911351, 0.9960216746725393, 0.8105263233184814, 0.0004618679988197982, 61.6, 41.4, 0.6851747268830611, 0.9866008811074497, 0.7040686107360152, 0.14360742568969725, 3.863080556574848, 444.6301733970642
stderr, 0.0656191651554203, 9.676684813795463e-07, 563.5374521715482, 5.215361924162119, 0.041140398755495876, 1.1973134814171716e-06, 0.0011436876439746455, 0.07117435591826299, 3.8903111585389336e-05, 5.409251334519409, 3.4871191548325386, 0.0509953711955664, 5.682230172697457e-05, 0.054846544240646146, 0.012884753416417382, 0.016072121429095785, 14.321903262071908

0.9439916014671326, 1.2060228073096368e-05, 8107.0, 65.0, 0.9674224343675417, 0.9997623040828492, 0.9951349828915074, 0.8552631735801697, 0.0005578115815296769, 65.0, 50.0, 0.6806282722513088, 0.9865519698382463, 0.6358536873432614, 0.13003182411193848, 3.829106643282134, 427.12133955955505
0.9269911646842957, 7.236137207655702e-06, 7961.0, 39.0, 0.9598504943332531, 0.9997638692313874, 0.9966257840292614, 0.8157894611358643, 0.0003793118812609464, 62.0, 34.0, 0.7209302325581395, 0.9866217696837032, 0.7028672802640126, 0.19063496589660645, 3.8370257266844163, 483.5401351451874
0.9656497240066528, 9.091556421481073e-06, 8293.0, 49.0, 0.9796810395747194, 0.9997646723680196, 0.9976360621906635, 0.8947368264198303, 0.00044624926522374153, 68.0, 40.0, 0.7391304347826088, 0.9866743214075171, 0.7798915824537112, 0.15148401260375977, 3.9067802846431734, 400.185373544693
0.9827666282653809, 7.607221050420776e-06, 8440.0, 41.0, 0.9889272950963734, 0.9997657749471044, 0.9986357232416968, 0.9473684430122375, 0.0003793118812609464, 72.0, 34.0, 0.7912087912087911, 0.9867444882342853, 0.8585651301822234, 0.12499094009399414, 3.8966438455896064, 451.62717604637146
0.6301816701889038, 1.131806038756622e-05, 5412.0, 61.0, 0.7697887774695966, 0.9997588788263153, 0.9920758210095676, 0.5394737124443054, 0.0005466553848236799, 41.0, 49.0, 0.49397590361445787, 0.9864118563734965, 0.5431653734368677, 0.1208953857421875, 3.8458462826749114, 460.67684268951416

[1]:
, TPR, FPR, TP, FP, F1, AUC, AP, UW_TPR, UW_FPR, UW_TP, UW_FP, UW_F1, UW_AUC, UW_AP, FwdTime, TPE, tr_time
mean, 0.9024187564849854, 0.000356215317879105, 6081.4, 1630.0, 0.8438784244696833, 0.9860362050791649, 0.9429516720312557, 0.6603960275650025, 0.0008610945427790284, 266.8, 67.8, 0.7199120872849039, 0.9891012182806351, 0.8434395242464096, 0.1867835521697998, 3.863080556574848, 444.6301733970642
stderr, 0.01147522143620419, 8.126230278101271e-05, 77.33149423100525, 371.84687708786794, 0.019974694347062047, 0.0022936490635142963, 0.005086390812244292, 0.041384779092049385, 6.926146146669781e-05, 16.719449751711327, 5.453439281774392, 0.025796405496241574, 0.00109145166488532, 0.014459232261473123, 0.01431803221096997, 0.016072121429095785, 14.321903262071908

0.8891527056694031, 0.00040014125988818705, 5992.0, 1831.0, 0.822963878588106, 0.9836334723957227, 0.9290001484693806, 0.6534653306007385, 0.0010668428149074316, 264.0, 84.0, 0.7021276595744682, 0.9877269540142224, 0.8113332569360089, 0.1800072193145752, 3.829106643282134, 427.12133955955505
0.940940797328949, 0.00045018622768111527, 6341.0, 2060.0, 0.8376486129458388, 0.9841615350044605, 0.9328810764935308, 0.6311880946159363, 0.0007620305404998362, 255.0, 60.0, 0.709318497913769, 0.9886603785732601, 0.8504387427902095, 0.23565363883972168, 3.8370257266844163, 483.5401351451874
0.9143790006637573, 0.0004589277086779475, 6162.0, 2100.0, 0.8215452303179788, 0.9952006565652332, 0.9525686662942393, 0.8118811845779419, 0.0009779392275959253, 328.0, 77.0, 0.8108776266996293, 0.9934143929716137, 0.8677949905458513, 0.17401957511901855, 3.9067802846431734, 400.185373544693
0.8921204805374146, 0.00043816669494844973, 6012.0, 2005.0, 0.8148549742477637, 0.983603039747195, 0.9536986057818421, 0.646039605140686, 0.0006985280197113752, 261.0, 55.0, 0.7250000000000001, 0.9877553886940569, 0.8792279919831002, 0.19527983665466309, 3.8966438455896064, 451.62717604637146
0.8755007982254028, 3.365469819982536e-05, 5900.0, 154.0, 0.9223794262487297, 0.9835823216832131, 0.9466098631172859, 0.5594059228897095, 0.0008001321111805737, 226.0, 63.0, 0.6522366522366523, 0.9879489771500233, 0.8084026389768777, 0.1489574909210205, 3.8458462826749114, 460.67684268951416

[2]:
, TPR, FPR, TP, FP, F1, AUC, AP, UW_TPR, UW_FPR, UW_TP, UW_FP, UW_F1, UW_AUC, UW_AP, FwdTime, TPE, tr_time
mean, 1.0, 8.47479939693585e-05, 6587.0, 32.2, 0.9975618688825598, 0.9999958767436681, 0.9997489499747989, 1.0, 0.0014333895640447735, 252.0, 13.6, 0.9737707493378981, 0.9999297358066329, 0.9970829604486076, 0.10640115737915039, 3.863080556574848, 444.6301733970642
stderr, 0.0, 5.96698723031654e-06, 0.0, 2.2671568097509267, 0.00017123174802734193, 1.9441795454438543e-06, 0.00012270878662722076, 0.0, 0.00018735655244565594, 0.0, 1.7776388834631178, 0.0033387303322132533, 4.4090431415157816e-05, 0.0019225425265494572, 0.000772652107095153, 0.016072121429095785, 14.321903262071908

1.0, 9.474930993746966e-05, 6587.0, 36.0, 0.9972747918243755, 0.999989919011061, 0.9993512704949978, 1.0, 0.0016863406635820866, 252.0, 16.0, 0.9692307692307692, 0.999771641371557, 0.989949532763613, 0.10880684852600098, 3.829106643282134, 427.12133955955505
1.0, 7.895776070654392e-05, 6587.0, 30.0, 0.9977279612238715, 1.0, 1.0, 1.0, 0.001159359235316515, 252.0, 11.0, 0.9786407766990292, 1.0, 1.0, 0.10641336441040039, 3.8370257266844163, 483.5401351451874
1.0, 0.00010264508455293253, 6587.0, 39.0, 0.9970483614621962, 0.9999934131945041, 0.9996209244549924, 1.0, 0.0020025295671075583, 252.0, 19.0, 0.9636711281070746, 0.9998946037099494, 0.9961240310077519, 0.10725188255310059, 3.9067802846431734, 400.185373544693
1.0, 7.106197881512344e-05, 6587.0, 27.0, 0.9979547004014847, 0.9999960515127747, 0.9997725549240041, 1.0, 0.0009485665941610932, 252.0, 9.0, 0.9824561403508771, 0.9999824339516582, 0.9993412384716731, 0.10497498512268066, 3.8966438455896064, 451.62717604637146
1.0, 7.632583583472297e-05, 6587.0, 29.0, 0.9978035295008709, 1.0, 1.0, 1.0, 0.0013701517600566149, 252.0, 13.0, 0.9748549323017408, 1.0, 1.0, 0.10455870628356934, 3.8458462826749114, 460.67684268951416

[3]:
, TPR, FPR, TP, FP, F1, AUC, AP, UW_TPR, UW_FPR, UW_TP, UW_FP, UW_F1, UW_AUC, UW_AP, FwdTime, TPE, tr_time
mean, 0.927013611793518, 0.000166120324502117, 20360.0, 1718.6, 0.9239094558557424, 0.9956359978404528, 0.980131413048964, 0.7834757804870606, 0.0006977822515182198, 550.0, 123.4, 0.7986856724456582, 0.9922979328224569, 0.8729637334313267, 0.3443032741546631, 3.863080556574848, 444.6301733970642
stderr, 0.02761453465931074, 3.562415989701676e-05, 606.4980626514812, 368.5502136751517, 0.007611837543401848, 0.0007090467427785439, 0.0018652983172584455, 0.03068139489773733, 4.692327481133179e-05, 21.538337911733112, 8.298192574289898, 0.01850793389033337, 0.0006396512323079542, 0.015896750327026195, 0.010673327649980151, 0.016072121429095785, 14.321903262071908

0.9440878033638, 0.00018636097956914455, 20735.0, 1928.0, 0.9292788957110205, 0.9948860727947988, 0.9769928604468465, 0.7863247990608215, 0.000819922424852848, 552.0, 145.0, 0.7891350964974982, 0.9914909669342905, 0.836448516923789, 0.36990880966186523, 3.829106643282134, 427.12133955955505
0.9533305764198303, 0.00020646631310228258, 20938.0, 2136.0, 0.9298132646490663, 0.9950993634624574, 0.9743678074611893, 0.7678062915802002, 0.0006107008084654808, 539.0, 108.0, 0.799110452186805, 0.9920604944382694, 0.8733670912793577, 0.33180999755859375, 3.8370257266844163, 483.5401351451874
0.9602968692779541, 0.00021197595924604684, 21091.0, 2193.0, 0.9322607023670078, 0.9984666304750534, 0.983357660924769, 0.8817663788795471, 0.0007690307102166116, 619.0, 136.0, 0.8496911461908031, 0.9948235137736172, 0.8965924744978803, 0.33317017555236816, 3.9067802846431734, 400.185373544693
0.9601602554321289, 0.0002011500037042424, 21088.0, 2081.0, 0.9345032349552423, 0.9948670826687235, 0.9829545335044169, 0.7920227646827698, 0.0005711183766834438, 556.0, 101.0, 0.8182487122884474, 0.9915564141260509, 0.9184760075780501, 0.31742191314697266, 3.8966438455896064, 451.62717604637146
0.817192554473877, 2.4648366888868622e-05, 17948.0, 255.0, 0.8936911815963752, 0.9948608398012309, 0.9829842029075981, 0.6894586682319641, 0.0007181389373727143, 484.0, 127.0, 0.7372429550647372, 0.9915582748400567, 0.8399345768775562, 0.3692054748535156, 3.8458462826749114, 460.67684268951416

Namespace(compressed=True, dataset='OPTC', delta=0.5, encoder='GCN', fpweight=0.6, hidden=32, impl='DYNTEDGE', load=False, ngrus=1, nowrite=False, rnn='GRU', te_end=None, tests=5, threads=1, workers=8, zdim=16)

[0]:
, TPR, FPR, TP, FP, F1, AUC, AP, UW_TPR, UW_FPR, UW_TP, UW_FP, UW_F1, UW_AUC, UW_AP, FwdTime, TPE, tr_time
mean, 0.6135474860668182, 6.642407606705092e-06, 5271.6, 35.8, 0.7388040040847171, 0.9994500305321121, 0.9929007825686769, 0.6046511650085449, 0.0003846490057185292, 26.0, 30.8, 0.5100265599234671, 0.9837406796530723, 0.5483538824114345, 0.0907665729522705, 2.717704142730333, 300.501553106308
stderr, 0.10442918000040836, 4.992427665173174e-07, 897.2555154469657, 2.690724809414742, 0.07653103556126922, 8.13384802601092e-05, 0.0017193696697190156, 0.10374283472666036, 2.2823758333028786e-05, 4.460941604639093, 1.8275666882497066, 0.062254916823752664, 0.002955968874323361, 0.05966975437010655, 0.0025720156784584318, 0.021070596265564345, 25.63383255721511

0.7644320130348206, 7.2361422098765615e-06, 6568.0, 39.0, 0.8642673860122377, 0.9996268101555944, 0.9952302674527792, 0.7674418687820435, 0.00036216952139511704, 33.0, 29.0, 0.6285714285714286, 0.9863997648657227, 0.6577491480917113, 0.08137369155883789, 2.7826322035843067, 313.25106930732727
0.4347067177295685, 7.4216845860064495e-06, 3735.0, 40.0, 0.6040268456375839, 0.9996671005218286, 0.9905405530411455, 0.41860464215278625, 0.0004495897446759045, 18.0, 36.0, 0.3711340206185567, 0.9940096812821092, 0.3956693674063916, 0.09391570091247559, 2.699936554238603, 257.2120985984802
0.947043776512146, 7.4216845860064495e-06, 8137.0, 40.0, 0.97048124515475, 0.9993051664238747, 0.9972022791194584, 0.930232584476471, 0.0004246125463396311, 40.0, 34.0, 0.6837606837606837, 0.9790487691609313, 0.7116373933905755, 0.09161114692687988, 2.6738683219648833, 391.2278139591217
0.40851956605911255, 6.308431693469174e-06, 3510.0, 34.0, 0.5784442979564931, 0.9992941845420737, 0.9875634599827441, 0.41860464215278625, 0.00036216952139511704, 18.0, 29.0, 0.4, 0.977847684917745, 0.45619396187681577, 0.09039425849914551, 2.6812499039609667, 247.35530877113342
0.5130353569984436, 4.824094958166825e-06, 4408.0, 26.0, 0.6768002456625212, 0.9993568910171898, 0.9939673532472576, 0.4883720874786377, 0.00032470369478687644, 21.0, 26.0, 0.4666666666666666, 0.9813974980388533, 0.5205195412916777, 0.09653806686401367, 2.750833729902903, 293.4614748954773

[1]:
, TPR, FPR, TP, FP, F1, AUC, AP, UW_TPR, UW_FPR, UW_TP, UW_FP, UW_F1, UW_AUC, UW_AP, FwdTime, TPE, tr_time
mean, 0.8968573808670044, 0.00022920197043276857, 6050.2, 1048.8, 0.8801783752165505, 0.9861273720828351, 0.9534179450297033, 0.6689189195632934, 0.0007283026701770723, 198.0, 50.4, 0.7183339432317897, 0.9900416192470614, 0.7842295738894625, 0.12504315376281738, 2.717704142730333, 300.501553106308
stderr, 0.021422202760805812, 0.00013645531190916972, 144.51415155617113, 624.4027065924682, 0.03588066762050709, 0.0014562648130074117, 0.01125825916280481, 0.07622717745362881, 0.00010069796934531627, 22.563244447552307, 6.968500556073739, 0.05246102539209376, 0.0013826608647180814, 0.03009375729393293, 0.02073102232752683, 0.021070596265564345, 25.63383255721511

0.8565075397491455, 0.00047553726471960545, 5778.0, 2176.0, 0.7861224489795917, 0.9877038951471575, 0.9138478852910655, 0.4932432472705841, 0.000751423358451575, 146.0, 52.0, 0.5910931174089069, 0.9887845473142863, 0.6900730390343006, 0.08482193946838379, 2.7826322035843067, 313.25106930732727
0.934331476688385, 1.1801016626122873e-05, 6303.0, 54.0, 0.9620697550179349, 0.9896212885828604, 0.9770717080481693, 0.7466216087341309, 0.0006936215795576572, 221.0, 48.0, 0.7823008849557522, 0.993070618955709, 0.8146521110036817, 0.13393092155456543, 2.699936554238603, 257.2120985984802
0.9604209661483765, 0.000639221747405827, 6479.0, 2925.0, 0.8023529411764706, 0.9827478057235737, 0.9493904274524324, 0.8108108043670654, 0.0010982342064380646, 240.0, 76.0, 0.7843137254901961, 0.9883889418521727, 0.8453214466915406, 0.19927573204040527, 2.6738683219648833, 391.2278139591217
0.8550251722335815, 1.0052717698272318e-05, 5768.0, 46.0, 0.9184713375796179, 0.9825551909234906, 0.9535263058414376, 0.4763513505458832, 0.0005491171032190323, 141.0, 38.0, 0.5936842105263158, 0.9864647864028301, 0.7376653912077843, 0.11889266967773438, 2.6812499039609667, 247.35530877113342
0.8780017495155334, 9.397105714015197e-06, 5923.0, 43.0, 0.9318753933291377, 0.988008680037093, 0.9732533985154119, 0.8175675868988037, 0.0005491171032190323, 242.0, 38.0, 0.8402777777777778, 0.9934992017103084, 0.8334358815100051, 0.08829450607299805, 2.750833729902903, 293.4614748954773

[2]:
, TPR, FPR, TP, FP, F1, AUC, AP, UW_TPR, UW_FPR, UW_TP, UW_FP, UW_F1, UW_AUC, UW_AP, FwdTime, TPE, tr_time
mean, 1.0, 9.89603897323832e-05, 6587.0, 37.6, 0.9971540678179617, 0.9999533092384512, 0.9951782196889282, 1.0, 0.0016783851198852063, 144.0, 14.8, 0.9511495294527711, 0.999353594919483, 0.9353847049514534, 0.0643383502960205, 2.717704142730333, 300.501553106308
stderr, 0.0, 3.956650664369556e-06, 0.0, 1.5033296378372907, 0.00011347873535569681, 1.2886082923079202e-05, 0.0016765963751169716, 0.0, 9.072351094801047e-05, 0.0, 0.7999999999999999, 0.0025242374633749295, 0.00018752728139128505, 0.020508790277014716, 0.0010564705404582527, 0.021070596265564345, 25.63383255721511

1.0, 9.21173850656487e-05, 6587.0, 35.0, 0.9973502914679385, 0.999938545124702, 0.9939641562577449, 1.0, 0.0015876615652814507, 144.0, 14.0, 0.9536423841059603, 0.9990549633325773, 0.9044797046014332, 0.06677651405334473, 2.7826322035843067, 313.25106930732727
1.0, 0.00010527700942475349, 6587.0, 40.0, 0.9969729075223248, 0.9999617873381621, 0.9972253848196946, 1.0, 0.0018144703935831785, 144.0, 16.0, 0.9473684210526316, 0.9995085809329403, 0.9643254874938043, 0.06339478492736816, 2.699936554238603, 257.2120985984802
1.0, 0.00010527700942475349, 6587.0, 40.0, 0.9969729075223248, 0.9999964886353232, 0.9997663682447845, 1.0, 0.0018144703935831785, 144.0, 16.0, 0.9473684210526316, 0.9999621985333031, 0.9973473261721111, 0.06689596176147461, 2.6738683219648833, 391.2278139591217
1.0, 0.00010527700942475349, 6587.0, 40.0, 0.9969729075223248, 0.9999192717762097, 0.9897465112588372, 1.0, 0.0018144703935831785, 144.0, 16.0, 0.9473684210526316, 0.9988848567324413, 0.8832467250814681, 0.061705589294433594, 2.6812499039609667, 247.35530877113342
1.0, 8.685353532200679e-05, 6587.0, 33.0, 0.9975013250548951, 0.999950453317859, 0.9951886778635795, 1.0, 0.0013608528533950448, 144.0, 12.0, 0.9600000000000001, 0.9993573750661525, 0.927524281408451, 0.06291890144348145, 2.750833729902903, 293.4614748954773

[3]:
, TPR, FPR, TP, FP, F1, AUC, AP, UW_TPR, UW_FPR, UW_TP, UW_FP, UW_F1, UW_AUC, UW_AP, FwdTime, TPE, tr_time
mean, 0.8883680820465087, 0.00011429120768298162, 19521.0, 1182.4, 0.9140645124769005, 0.9956180076309696, 0.9809782084932699, 0.7523179054260254, 0.0006398042314685881, 340.8, 100.4, 0.7589517751133932, 0.9920565335688112, 0.7844153575488964, 0.21673507690429689, 2.717704142730333, 300.501553106308
stderr, 0.035579574937195074, 6.430082616614368e-05, 781.8254920377052, 665.2243681646064, 0.007513647103073121, 0.0005081716544192369, 0.003449246587866764, 0.051512982166546546, 6.970884184584724e-05, 23.335380862544326, 10.93892133621958, 0.02986695060190841, 0.0011023947145591148, 0.020457564486062816, 0.007244836093988041, 0.021070596265564345, 25.63383255721511

0.9556294083595276, 0.00022425202769227326, 20999.0, 2320.0, 0.9272514516591968, 0.9962931729337599, 0.977028852439037, 0.6666666865348816, 0.0006245101103559136, 302.0, 98.0, 0.7080890973036342, 0.9918503357877788, 0.7674188733799266, 0.2047567367553711, 2.7826322035843067, 313.25106930732727
0.8346227407455444, 1.2855827662860975e-05, 18340.0, 133.0, 0.9068657749647686, 0.996791356676874, 0.9883738365504319, 0.7770419716835022, 0.0006372552015818655, 352.0, 100.0, 0.777900552486188, 0.9949410587459417, 0.7817487438110726, 0.22643327713012695, 2.699936554238603, 257.2120985984802
0.9875762462615967, 0.0003119229804724455, 21701.0, 3227.0, 0.9253763165749861, 0.9944243986167368, 0.9706702785853019, 0.8741722106933594, 0.0008985298336483538, 396.0, 141.0, 0.8, 0.9904094778334994, 0.8379894519238407, 0.23912358283996582, 2.6738683219648833, 391.2278139591217
0.8027669191360474, 1.2372525816317648e-05, 17640.0, 128.0, 0.8877258316139097, 0.9943704953297811, 0.9800582490525928, 0.6026490330696106, 0.0005416669300757349, 273.0, 85.0, 0.6732429099876696, 0.9890211828838201, 0.7193501609044761, 0.21405649185180664, 2.6812499039609667, 247.35530877113342
0.8612450957298279, 1.0052676771010738e-05, 18925.0, 104.0, 0.9231031875716411, 0.9962106145976959, 0.988759825838986, 0.8410596251487732, 0.0004970590816810727, 381.0, 78.0, 0.8355263157894738, 0.9940606125930155, 0.8155695577251658, 0.19930529594421387, 2.750833729902903, 293.4614748954773

Namespace(compressed=True, dataset='OPTC', delta=1.0, encoder='GCN', fpweight=0.6, hidden=32, impl='DYNTEDGE', load=False, ngrus=1, nowrite=False, rnn='GRU', te_end=None, tests=5, threads=1, workers=8, zdim=16)

[0]:
, TPR, FPR, TP, FP, F1, AUC, AP, UW_TPR, UW_FPR, UW_TP, UW_FP, UW_F1, UW_AUC, UW_AP, FwdTime, TPE, tr_time
mean, 0.9578788161277771, 1.0096576443174853e-05, 8236.8, 54.4, 0.9748547124946558, 0.9989431723909445, 0.9943729854021285, 0.892307698726654, 0.0006136913667432964, 34.8, 42.6, 0.5990238865328342, 0.9820888112694037, 0.5066477786402943, 0.06597042083740234, 2.17707101978183, 224.10799498558043
stderr, 0.02108453915568847, 7.273958767122189e-07, 181.30592930182948, 3.9191835884530843, 0.011121639029866024, 0.00021583244946406024, 0.0008838564945017679, 0.02855263605623284, 4.4073583137302724e-05, 1.1135528725660042, 3.059411708155671, 0.020886897014239948, 0.003111062407834192, 0.05150194428677562, 0.0013827447105824251, 0.016503963106878336, 8.778515932975964

0.9983718991279602, 1.132152829086408e-05, 8585.0, 61.0, 0.9956509133082053, 0.9984866889993845, 0.9957599382161524, 0.9487179517745972, 0.0006482655298896134, 37.0, 45.0, 0.6115702479338844, 0.9744212152374536, 0.5508270805107519, 0.062224388122558594, 2.1479343956914443, 234.35688281059265
0.9460402131080627, 8.351947144547012e-06, 8135.0, 45.0, 0.9696644615292926, 0.9987046337836651, 0.9939157131169005, 0.8717948794364929, 0.0005618301220238209, 34.0, 39.0, 0.6071428571428571, 0.9792695395726397, 0.4620335848974724, 0.0643157958984375, 2.1403794532472435, 237.10056614875793
0.9625537991523743, 1.2249523024365772e-05, 8277.0, 66.0, 0.9770983354975802, 0.9994268754427249, 0.9929914465487045, 0.8974359035491943, 0.0007635127403773367, 35.0, 53.0, 0.5511811023622046, 0.9902023253339953, 0.43091367654003865, 0.06508398056030273, 2.212926635616704, 212.6070168018341
0.8840562701225281, 9.465540642850101e-06, 7602.0, 51.0, 0.9355156288456805, 0.9995016556049657, 0.992203025123128, 0.7948718070983887, 0.0005906419246457517, 31.0, 41.0, 0.5585585585585585, 0.9886693897512728, 0.40248204492916895, 0.0684359073638916, 2.164510989457034, 241.3268027305603
0.9983718991279602, 9.094343113247305e-06, 8585.0, 49.0, 0.9963442232925201, 0.9985960081239827, 0.996994804005757, 0.9487179517745972, 0.0005042065167799592, 37.0, 35.0, 0.6666666666666666, 0.9778815864516568, 0.68698250632404, 0.06979203224182129, 2.2196036248967266, 195.14870643615723

[1]:
, TPR, FPR, TP, FP, F1, AUC, AP, UW_TPR, UW_FPR, UW_TP, UW_FP, UW_F1, UW_AUC, UW_AP, FwdTime, TPE, tr_time
mean, 0.7830171823501587, 0.00041845548948913345, 5283.8, 1914.8, 0.7709755588384122, 0.9880712276338972, 0.9093689172285689, 0.4840816259384155, 0.001128013408742845, 118.6, 70.0, 0.5404708674427836, 0.9907612281731051, 0.6187089497372825, 0.06557154655456543, 2.17707101978183, 224.10799498558043
stderr, 0.056882444995786305, 0.00024937742249220784, 383.84272821039605, 1141.119906057203, 0.06558597875175226, 0.00267147055923794, 0.0286226401856289, 0.06231143939651307, 0.00013711518010140966, 15.266302761310612, 8.508818954473059, 0.050855621945897204, 0.001194554454313473, 0.03722442479882759, 0.0026906077234164077, 0.016503963106878336, 8.778515932975964

0.8553645610809326, 0.0013595214113593102, 5772.0, 6221.0, 0.615975668320794, 0.9818983191902831, 0.8748909375592804, 0.3877550959587097, 0.0016114477766677737, 95.0, 100.0, 0.43181818181818177, 0.9866370533001134, 0.4724912982443609, 0.06814885139465332, 2.1479343956914443, 234.35688281059265
0.8749259114265442, 0.00022706040181219578, 5904.0, 1039.0, 0.8624643926667154, 0.9863671176354677, 0.9485765734707517, 0.563265323638916, 0.0010796699207276106, 138.0, 67.0, 0.6133333333333334, 0.9921329779817044, 0.6674137578766939, 0.058418989181518555, 2.1403794532472435, 237.10056614875793
0.7325133085250854, 2.16352054849267e-05, 4943.0, 99.0, 0.8385072094995759, 0.9958806963221992, 0.953329793100582, 0.6734693646430969, 0.0012085858033969998, 165.0, 75.0, 0.6804123711340205, 0.9938451247457859, 0.6345055263062207, 0.07273244857788086, 2.212926635616704, 212.6070168018341
0.8710728883743286, 1.6390307791880332e-05, 5878.0, 75.0, 0.9255964097315171, 0.9926181071383677, 0.9576225241852279, 0.3224489688873291, 0.0008540672715753317, 79.0, 53.0, 0.41909814323607425, 0.9907996200929773, 0.6732252332269841, 0.06830143928527832, 2.164510989457034, 241.3268027305603
0.5812092423439026, 0.0004676701209973544, 3922.0, 2140.0, 0.6123341139734583, 0.9835918978831679, 0.8124247578270029, 0.4734693765640259, 0.0008862962713465095, 116.0, 55.0, 0.5576923076923077, 0.9903913647449439, 0.6459089330321529, 0.060256004333496094, 2.2196036248967266, 195.14870643615723

[2]:
, TPR, FPR, TP, FP, F1, AUC, AP, UW_TPR, UW_FPR, UW_TP, UW_FP, UW_F1, UW_AUC, UW_AP, FwdTime, TPE, tr_time
mean, 0.899924099445343, 9.89603897323832e-05, 5927.8, 37.6, 0.9389362758913009, 0.9999699238909308, 0.9965399680415201, 0.9, 0.0017389204585924745, 81.0, 14.4, 0.8689279178030647, 0.9994082840236687, 0.9145994929298903, 0.04783000946044922, 2.17707101978183, 224.10799498558043
stderr, 0.06678704373672587, 4.2110797949135305e-06, 439.92628928037476, 1.5999999999999999, 0.039720739398078096, 1.5699102648668733e-05, 0.002034492499550559, 0.06666666418314005, 0.00014082725030800823, 6.0, 1.16619037896906, 0.04018470276685997, 0.0002434045820652777, 0.03871864151354811, 0.0033280801817444977, 0.016503963106878336, 8.778515932975964

1.0, 9.21173850656487e-05, 6587.0, 35.0, 0.9973502914679385, 0.9999886088421062, 0.9990365229620147, 1.0, 0.0015698587521910667, 90.0, 13.0, 0.932642487046632, 0.9997182304874612, 0.9627680263189872, 0.04195404052734375, 2.1479343956914443, 234.35688281059265
1.0, 8.685353532200679e-05, 6587.0, 33.0, 0.9975013250548951, 0.9999951860580762, 0.9996665283938049, 1.0, 0.001328342012129724, 90.0, 11.0, 0.9424083769633509, 0.9997786096687196, 0.9768162664588721, 0.04345393180847168, 2.1403794532472435, 237.10056614875793
0.8337634801864624, 0.0001105408591683954, 5492.0, 42.0, 0.9061958584275225, 0.9999539862589687, 0.9949890214361494, 0.8333333134651184, 0.002052892232313752, 75.0, 17.0, 0.8241758241758242, 0.9989333011311033, 0.8357978935883804, 0.06037259101867676, 2.212926635616704, 212.6070168018341
1.0, 0.00010264508455293253, 6587.0, 39.0, 0.9970483614621962, 0.9999965126091375, 0.9997990850404563, 1.0, 0.002052892232313752, 90.0, 17.0, 0.9137055837563453, 0.9998993680312361, 0.9912280701754386, 0.04469656944274902, 2.164510989457034, 241.3268027305603
0.6658570170402527, 0.00010264508455293253, 4386.0, 39.0, 0.7965855430439521, 0.9999153256863658, 0.9892086823751749, 0.6666666865348816, 0.0016906170640140772, 60.0, 14.0, 0.7317073170731707, 0.9987119107998229, 0.8063872081077729, 0.04867291450500488, 2.2196036248967266, 195.14870643615723

[3]:
, TPR, FPR, TP, FP, F1, AUC, AP, UW_TPR, UW_FPR, UW_TP, UW_FP, UW_F1, UW_AUC, UW_AP, FwdTime, TPE, tr_time
mean, 0.8857584714889526, 0.00032109895400935786, 19473.4, 3321.4, 0.8753009790426267, 0.9955869201691036, 0.9670478340312301, 0.6006042182445526, 0.00104835539823398, 198.8, 136.0, 0.5954956401781242, 0.9907175717391368, 0.6007207501963124, 0.14589529037475585, 2.17707101978183, 224.10799498558043
stderr, 0.03577872421501796, 0.00021293403712658478, 786.5951055021891, 2202.5580945800275, 0.03559801408989807, 0.0007670035820872271, 0.006611066229148926, 0.04414806013108418, 9.374621427801067e-05, 14.613007903919026, 12.16141439142668, 0.033999807267016735, 0.0010203637652476158, 0.022470535454327305, 0.006430933127305608, 0.016503963106878336, 8.778515932975964

0.9551057815551758, 0.0011635897681117058, 20998.0, 12036.0, 0.7632999509260439, 0.9937997202649322, 0.9619813705464761, 0.5498489141464233, 0.00136440375354141, 182.0, 177.0, 0.527536231884058, 0.9875177682568672, 0.5217590792932733, 0.1452021598815918, 2.1479343956914443, 234.35688281059265
0.9609733819961548, 0.00010866358206840232, 21127.0, 1124.0, 0.955194863911746, 0.9950199419170291, 0.9836574790506605, 0.6737160086631775, 0.0008787685073912144, 223.0, 114.0, 0.6676646706586826, 0.9912944303651192, 0.6532214723560315, 0.13795232772827148, 2.1403794532472435, 237.10056614875793
0.8452581167221069, 2.0495266653597355e-05, 18583.0, 212.0, 0.9113781265326141, 0.9977414732793932, 0.9819560658952156, 0.7280966639518738, 0.0011100233532488346, 241.0, 144.0, 0.6731843575418994, 0.9938363242334816, 0.5865161034896972, 0.16129350662231445, 2.212926635616704, 212.6070168018341
0.8972936272621155, 9.60957258939743e-05, 19727.0, 994.0, 0.9238514494450429, 0.9970261948748907, 0.9533319431286598, 0.4833836853504181, 0.0010483553633093834, 160.0, 136.0, 0.5103668261562998, 0.990917890153566, 0.6147841516870688, 0.1266460418701172, 2.164510989457034, 241.3268027305603
0.7701614499092102, 0.00021665042731910944, 16932.0, 2241.0, 0.8227805043976869, 0.9943472705092723, 0.9543123115351378, 0.5679758191108704, 0.0008402260136790574, 188.0, 109.0, 0.5987261146496816, 0.9900214456866507, 0.6273229441554913, 0.15838241577148438, 2.2196036248967266, 195.14870643615723

Namespace(compressed=True, dataset='OPTC', delta=1.5, encoder='GCN', fpweight=0.6, hidden=32, impl='DYNTEDGE', load=False, ngrus=1, nowrite=False, rnn='GRU', te_end=None, tests=5, threads=1, workers=8, zdim=16)

[0]:
, TPR, FPR, TP, FP, F1, AUC, AP, UW_TPR, UW_FPR, UW_TP, UW_FP, UW_F1, UW_AUC, UW_AP, FwdTime, TPE, tr_time
mean, 0.8855946898460388, 8.910052110877587e-06, 7617.0, 48.0, 0.9296495496824836, 0.9988714368861235, 0.9935785455933225, 0.7760000050067901, 0.0006103063118644058, 19.4, 37.2, 0.47143899194506994, 0.9760981083785868, 0.45519402036222234, 0.05331387519836426, 1.963404897415503, 181.56227960586548
stderr, 0.07296632536534647, 4.470467926996841e-07, 627.5833012437472, 2.408318915758459, 0.04473552915372643, 0.0002718349934553601, 0.0016226247156574073, 0.08158431404688109, 2.4554378763329863e-05, 2.039607805437114, 1.4966629547095764, 0.03816502416784318, 0.006350191647764218, 0.06350971090816357, 0.002333889756972567, 0.0039048033059595707, 5.596158394989795

0.9981397390365601, 1.0395060598966666e-05, 8585.0, 56.0, 0.9958241503305881, 0.9997391066214288, 0.9968777417741543, 0.9200000166893005, 0.0006726494175381958, 23.0, 41.0, 0.5168539325842697, 0.990797171591226, 0.6548697792698983, 0.052340030670166016, 1.9582356350762504, 174.5217592716217
0.9883734583854675, 8.724426152184606e-06, 8501.0, 47.0, 0.9914280716076739, 0.998372838653035, 0.9948699685514569, 0.8799999952316284, 0.0005742129287682474, 22.0, 35.0, 0.5365853658536586, 0.961639623972569, 0.47375227591230556, 0.050000905990600586, 1.9599169041659381, 183.5073766708374
0.9883734583854675, 9.095678251469508e-06, 8501.0, 49.0, 0.9913124599148738, 0.9991724380956655, 0.9956404611429336, 0.8799999952316284, 0.0006562433554790914, 22.0, 40.0, 0.5057471264367815, 0.9883356028415337, 0.5045267404032199, 0.051988840103149414, 1.956378778779363, 202.56756377220154
0.8316474556922913, 7.610669399582548e-06, 7153.0, 41.0, 0.9057296612852168, 0.998820419770848, 0.9928720249959299, 0.7200000286102295, 0.0005414007464423776, 18.0, 33.0, 0.4736842105263158, 0.9786277951864553, 0.35476596810569166, 0.049814462661743164, 1.9780917269842966, 175.22036600112915
0.6214393377304077, 8.724426152184606e-06, 5345.0, 47.0, 0.7639534052740656, 0.9982523812896404, 0.9876325315021379, 0.47999998927116394, 0.0006070251110941172, 12.0, 37.0, 0.3243243243243243, 0.96109034830115, 0.28805533811999623, 0.06242513656616211, 1.9644014420716658, 171.9943323135376

[1]:
, TPR, FPR, TP, FP, F1, AUC, AP, UW_TPR, UW_FPR, UW_TP, UW_FP, UW_F1, UW_AUC, UW_AP, FwdTime, TPE, tr_time
mean, 0.9187611103057861, 9.98279017949244e-05, 6199.8, 456.8, 0.9267256577794895, 0.9882859862948721, 0.9714745177742881, 0.6189189195632935, 0.0009256309014745057, 137.4, 55.2, 0.6553180655662629, 0.9876830750428469, 0.705354162305979, 0.05483489036560059, 1.963404897415503, 181.56227960586548
stderr, 0.02205456114453484, 7.644608256615047e-05, 148.82419158187957, 349.80771861123935, 0.019696831991870802, 0.0024196571478808625, 0.001926064079231541, 0.06910561547488477, 6.94231304936533e-05, 15.341447128612083, 4.1400483088968905, 0.048880649461774624, 0.001978151975519021, 0.0274349978479642, 0.002541914745482604, 0.0039048033059595707, 5.596158394989795

0.9561351537704468, 5.113776205689646e-05, 6452.0, 234.0, 0.9605478636295964, 0.9951975952170096, 0.9726857639030823, 0.5855855941772461, 0.0011738073080778122, 130.0, 70.0, 0.6161137440758293, 0.9904747876911875, 0.6854680819372144, 0.05378270149230957, 1.9582356350762504, 174.5217592716217
0.8695909976959229, 1.354932101094164e-05, 5868.0, 62.0, 0.9256980596308566, 0.9835948509723159, 0.9679545233350019, 0.5585585832595825, 0.0007713590748608112, 124.0, 46.0, 0.6326530612244897, 0.9834497321166225, 0.7070690747739379, 0.0481104850769043, 1.9599169041659381, 183.5073766708374
0.9570242762565613, 0.0004042942600790411, 6458.0, 1850.0, 0.8578639744952179, 0.9917387808205027, 0.9707304768393441, 0.815315306186676, 0.0009390458581037819, 181.0, 56.0, 0.7886710239651415, 0.9922814614732113, 0.7623724173816999, 0.06130337715148926, 1.956378778779363, 202.56756377220154
0.9508002400398254, 1.573469489812851e-05, 6416.0, 72.0, 0.9694771834391055, 0.9885560345552771, 0.9782508467160047, 0.7207207083702087, 0.0009222771623171866, 160.0, 55.0, 0.7322654462242563, 0.9897391942122384, 0.7589016935299925, 0.059972524642944336, 1.9780917269842966, 175.22036600112915
0.8602548837661743, 1.4423470929614268e-05, 5805.0, 66.0, 0.9200412077026706, 0.9823426699092552, 0.9677509780780075, 0.4144144058227539, 0.0008216651040129364, 92.0, 49.0, 0.5068870523415978, 0.9824701997209753, 0.6129595439070505, 0.05100536346435547, 1.9644014420716658, 171.9943323135376

[2]:
, TPR, FPR, TP, FP, F1, AUC, AP, UW_TPR, UW_FPR, UW_TP, UW_FP, UW_F1, UW_AUC, UW_AP, FwdTime, TPE, tr_time
mean, 1.0, 9.896247211145237e-05, 6227.0, 37.6, 0.9969900375822677, 0.9999692040931958, 0.996083485892877, 1.0, 0.0018120318884029985, 72.0, 15.0, 0.9056890374970145, 0.9994322300072481, 0.8909045111308054, 0.04282255172729492, 1.963404897415503, 181.56227960586548
stderr, 0.0, 4.043324817901975e-06, 0.0, 1.5362291495737215, 0.00012261560514680912, 1.4571384246586082e-05, 0.002230398966738646, 0.0, 5.4024360353638866e-05, 0.0, 0.4472135954999579, 0.0025474292912711603, 0.0002178163539711502, 0.04315964739192671, 0.0013861431739880924, 0.0039048033059595707, 5.596158394989795

1.0, 0.00010791120439535007, 6227.0, 41.0, 0.99671868747499, 0.9999816162891774, 0.9987869191037569, 1.0, 0.001932834042236209, 72.0, 16.0, 0.9, 0.9998590641861964, 0.9838011450914677, 0.04390835762023926, 1.9582356350762504, 174.5217592716217
1.0, 9.738328662933782e-05, 6227.0, 37.0, 0.9970378672644303, 0.999967947065652, 0.9959408883801191, 1.0, 0.0018120318418368697, 72.0, 15.0, 0.9056603773584906, 0.9992147861802368, 0.8335542679487846, 0.03827714920043945, 1.9599169041659381, 183.5073766708374
1.0, 8.685536158736795e-05, 6227.0, 33.0, 0.9973572515416032, 0.9999894712319723, 0.9986570797193144, 1.0, 0.0016912297578528523, 72.0, 14.0, 0.9113924050632911, 0.999577192558589, 0.9042845362698304, 0.041451454162597656, 1.956378778779363, 202.56756377220154
1.0, 0.00010791120439535007, 6227.0, 41.0, 0.99671868747499, 0.9999934080021614, 0.9995312581374591, 1.0, 0.001932834042236209, 72.0, 16.0, 0.9, 0.9998187968108239, 0.9758952800427454, 0.04400491714477539, 1.9780917269842966, 175.22036600112915
1.0, 9.475130354985595e-05, 6227.0, 36.0, 0.9971176941553244, 0.9999135778770158, 0.9875012841237355, 1.0, 0.0016912297578528523, 72.0, 14.0, 0.9113924050632911, 0.9986913103003946, 0.7569873263011988, 0.04647088050842285, 1.9644014420716658, 171.9943323135376

[3]:
, TPR, FPR, TP, FP, F1, AUC, AP, UW_TPR, UW_FPR, UW_TP, UW_FP, UW_F1, UW_AUC, UW_AP, FwdTime, TPE, tr_time
mean, 0.8882946848869324, 5.3968554493621926e-05, 19533.6, 558.2, 0.9266487562828679, 0.9959016592788708, 0.9777597171181748, 0.6734545409679413, 0.0009717857581563294, 185.2, 113.8, 0.6407442257773249, 0.9866448564756736, 0.6297577689035954, 0.11424570083618164, 1.963404897415503, 181.56227960586548
stderr, 0.03977796444254857, 3.375567688830295e-05, 874.7173600655243, 349.1369931703027, 0.021362115336046473, 0.0009387602814792892, 0.00864709923037316, 0.05962305701368786, 3.472929216107474e-05, 16.39634105524766, 4.066939881532551, 0.03845613322196414, 0.0017726796413663547, 0.03901393800129427, 0.003250851221443082, 0.0039048033059595707, 5.596158394989795

0.985538899898529, 3.219550126232207e-05, 21672.0, 333.0, 0.9852028639618139, 0.998566764194633, 0.9896420668732923, 0.6581818461418152, 0.001075966632924974, 181.0, 126.0, 0.6219931271477663, 0.9897719820144333, 0.6770341968006216, 0.11004471778869629, 1.9582356350762504, 174.5217592716217
0.8949977159500122, 1.672619146120269e-05, 19681.0, 173.0, 0.9406844469935952, 0.9942613066130586, 0.9836078076118632, 0.6363636255264282, 0.0008710206602700055, 175.0, 102.0, 0.6340579710144927, 0.9829891068079344, 0.6067436496438279, 0.11090517044067383, 1.9599169041659381, 183.5073766708374
0.9377444386482239, 0.00018843552970793098, 20621.0, 1949.0, 0.9255385996409334, 0.9972265794492696, 0.9836549585503686, 0.8399999737739563, 0.001016190741211176, 231.0, 119.0, 0.7392, 0.9903567458296588, 0.6814645474793601, 0.12710261344909668, 1.956378778779363, 202.56756377220154
0.8745793700218201, 1.6339457943104208e-05, 19232.0, 169.0, 0.929284143896016, 0.9960144531673665, 0.9883769433181824, 0.7490909099578857, 0.0009478753781877458, 206.0, 111.0, 0.6959459459459459, 0.9882827541020259, 0.6969345175834996, 0.1128382682800293, 1.9780917269842966, 175.22036600112915
0.7486129999160767, 1.614609209354967e-05, 16462.0, 167.0, 0.8525337269219814, 0.9934391929700266, 0.9435168092371681, 0.48363634943962097, 0.0009478753781877458, 133.0, 111.0, 0.51252408477842, 0.9818236936243153, 0.48661193301066774, 0.11033773422241211, 1.9644014420716658, 171.9943323135376

Namespace(compressed=True, dataset='OPTC', delta=2.0, encoder='GCN', fpweight=0.6, hidden=32, impl='DYNTEDGE', load=False, ngrus=1, nowrite=False, rnn='GRU', te_end=None, tests=5, threads=1, workers=8, zdim=16)

[0]:
, TPR, FPR, TP, FP, F1, AUC, AP, UW_TPR, UW_FPR, UW_TP, UW_FP, UW_F1, UW_AUC, UW_AP, FwdTime, TPE, tr_time
mean, 0.9408053994178772, 1.0356401071476285e-05, 8083.4, 55.8, 0.9649086889932448, 0.9995506036758446, 0.9935394107689112, 0.8592592716217041, 0.0007248424692079425, 23.2, 43.6, 0.4946602768417363, 0.9786856780805344, 0.4780858897731862, 0.0433107852935791, 1.6939773496054051, 156.70538687705994
stderr, 0.03488428988036259, 6.572391503496557e-07, 299.7258080312738, 3.5411862419251547, 0.018793157854397273, 8.824102242572111e-05, 0.0015787532928062185, 0.0459617609509327, 5.193762572719123e-05, 1.2409673645990855, 3.1240998703626617, 0.01667030539163453, 0.005491875385211484, 0.07090841969375275, 0.0014138357606495527, 0.010602446863201333, 6.289491304621012

0.9993016719818115, 1.1321513738948852e-05, 8586.0, 61.0, 0.9961134636579848, 0.9993013802555073, 0.995423758040065, 0.9629629850387573, 0.0008811158477328718, 26.0, 53.0, 0.4905660377358491, 0.9640706690631048, 0.4537277103411441, 0.043294429779052734, 1.6949600219726562, 154.9208424091339
0.8311219811439514, 9.465527909924276e-06, 7141.0, 51.0, 0.9048403446528129, 0.9997833957109453, 0.9918117572287244, 0.7407407164573669, 0.0006151185953058302, 20.0, 37.0, 0.47619047619047616, 0.9908871315830469, 0.38637103117489424, 0.04801774024963379, 1.6888291061698617, 167.30817556381226
0.9892923831939697, 1.224950665346114e-05, 8500.0, 66.0, 0.990791467537009, 0.9993979544247726, 0.99382983991993, 0.8518518805503845, 0.0008146165637299418, 23.0, 49.0, 0.4646464646464646, 0.9736130121909243, 0.41186603821201867, 0.03975796699523926, 1.6638833053650395, 136.98753714561462
0.8850092887878418, 8.537534995411988e-06, 7604.0, 46.0, 0.936337889422485, 0.999665386276351, 0.9886720696566724, 0.7777777910232544, 0.0006483682664111257, 21.0, 39.0, 0.48275862068965514, 0.9920979731872319, 0.3814096443292239, 0.0442507266998291, 1.7301892878404304, 151.49320125579834
0.9993016719818115, 1.0207922059635166e-05, 8586.0, 55.0, 0.9964602796959323, 0.9996049017116463, 0.9979596289991634, 0.9629629850387573, 0.0006649930728599429, 26.0, 40.0, 0.5591397849462365, 0.9727596043783638, 0.7570550248086505, 0.041233062744140625, 1.692025026679039, 172.81717801094055

[1]:
, TPR, FPR, TP, FP, F1, AUC, AP, UW_TPR, UW_FPR, UW_TP, UW_FP, UW_F1, UW_AUC, UW_AP, FwdTime, TPE, tr_time
mean, 0.9282795429229737, 0.00022917512069398072, 6269.6, 1048.2, 0.8944613065886544, 0.9888646351825174, 0.9627893366170321, 0.7091743111610412, 0.0012089256895706057, 154.6, 64.2, 0.7000196583557519, 0.9945650602191091, 0.7176193968260377, 0.052657365798950195, 1.6939773496054051, 156.70538687705994
stderr, 0.016866127704332417, 0.00010200612181025592, 113.9138270799467, 466.55507713452215, 0.021892539160424874, 0.0024076014295789506, 0.005674463723855902, 0.07449857943072395, 0.00011491307512207237, 16.240689640529432, 6.102458520956943, 0.04351285584224499, 0.00105394105644059, 0.028071234561015068, 0.0031180520800443774, 0.010602446863201333, 6.289491304621012

0.944033145904541, 0.0004722555459011346, 6376.0, 2160.0, 0.8340091563113146, 0.9833280220404614, 0.9423327138440868, 0.8348624110221863, 0.0015441107098013163, 182.0, 82.0, 0.7551867219917012, 0.9941339599840717, 0.6840902490113254, 0.04780292510986328, 1.6949600219726562, 154.9208424091339
0.903020441532135, 3.760553227039054e-05, 6099.0, 172.0, 0.9365067178502879, 0.9961126847417732, 0.9687721953004576, 0.7614678740501404, 0.0009980227332562208, 166.0, 53.0, 0.7597254004576659, 0.9976900532008165, 0.7377125490430251, 0.05217552185058594, 1.6888291061698617, 167.30817556381226
0.8781462907791138, 1.7053671399480663e-05, 5931.0, 78.0, 0.9294053122306668, 0.9840133483502668, 0.9586829236328286, 0.5871559381484985, 0.0011674982961267233, 128.0, 62.0, 0.6274509803921569, 0.9931032427534511, 0.6332011826292887, 0.06418991088867188, 1.6638833053650395, 136.98753714561462
0.9421083927154541, 0.00014451894094236195, 6363.0, 661.0, 0.9236463928001162, 0.9918971387867077, 0.9724320156560482, 0.4862385392189026, 0.0009415309177711606, 106.0, 50.0, 0.5668449197860963, 0.9961133344101913, 0.7325039724328706, 0.046521902084350586, 1.7301892878404304, 151.49320125579834
0.9740894436836243, 0.0004744419129565358, 6579.0, 2170.0, 0.8487389537508869, 0.9889719819933782, 0.9717268346517391, 0.8761467933654785, 0.0013934657908976078, 191.0, 74.0, 0.7908902691511387, 0.9917847107470142, 0.8005890310136787, 0.0525965690612793, 1.692025026679039, 172.81717801094055

[2]:
, TPR, FPR, TP, FP, F1, AUC, AP, UW_TPR, UW_FPR, UW_TP, UW_FP, UW_F1, UW_AUC, UW_AP, FwdTime, TPE, tr_time
mean, 1.0, 7.73786028730683e-05, 6587.0, 29.4, 0.9977733800287097, 0.9999878924246202, 0.9988684789644132, 1.0, 0.00094730609562248, 54.0, 8.0, 0.931390322537846, 0.9998539569765146, 0.963540740161163, 0.03758902549743652, 1.6939773496054051, 156.70538687705994
stderr, 0.0, 4.8956647815975415e-06, 0.0, 1.8601075237738274, 0.00014056594755023299, 8.839878566828215e-06, 0.0008561929163722654, 0.0, 0.00013501188847658867, 0.0, 1.1401754250991378, 0.009052669793013512, 7.347349701592792e-05, 0.019462630417993464, 0.0018558594918092921, 0.010602446863201333, 6.289491304621012

1.0, 9.21173850656487e-05, 6587.0, 35.0, 0.9973502914679385, 0.9999530852431123, 0.9954877121014392, 1.0, 0.0014209591317921877, 54.0, 12.0, 0.9, 0.9995855535820012, 0.8916210805323709, 0.043564796447753906, 1.6949600219726562, 154.9208424091339
1.0, 6.316620419966057e-05, 6587.0, 24.0, 0.9981815426579785, 0.9999977984047145, 0.9998731043494026, 1.0, 0.0005920663243159652, 54.0, 5.0, 0.9557522123893806, 0.9999605289125715, 0.9940476190476191, 0.03537321090698242, 1.6888291061698617, 167.30817556381226
1.0, 7.895776070654392e-05, 6587.0, 30.0, 0.9977279612238715, 0.9999907700814707, 0.9992013158896242, 1.0, 0.0008288928074762225, 54.0, 7.0, 0.9391304347826086, 0.999822380106572, 0.9579173079433728, 0.033678531646728516, 1.6638833053650395, 136.98753714561462
1.0, 7.106197881512344e-05, 6587.0, 27.0, 0.9979547004014847, 0.9999978083938037, 0.9997802624815998, 1.0, 0.0009473061072640121, 54.0, 8.0, 0.9310344827586207, 0.9999013222814289, 0.974117693282453, 0.04021000862121582, 1.7301892878404304, 151.49320125579834
1.0, 8.158968557836488e-05, 6587.0, 31.0, 0.9976524043922756, 1.0, 1.0, 1.0, 0.0009473061072640121, 54.0, 8.0, 0.9310344827586207, 1.0, 1.0, 0.03511857986450195, 1.692025026679039, 172.81717801094055

[3]:
, TPR, FPR, TP, FP, F1, AUC, AP, UW_TPR, UW_FPR, UW_TP, UW_FP, UW_F1, UW_AUC, UW_AP, FwdTime, TPE, tr_time
mean, 0.9513432383537292, 9.706261917017401e-05, 20928.6, 1004.0, 0.9530418774194918, 0.9951498882498045, 0.9789682614281098, 0.7361538529396057, 0.0011500330525450408, 191.4, 121.8, 0.6628318532792233, 0.9923387709448516, 0.6178620851771559, 0.09716305732727051, 1.6939773496054051, 156.70538687705994
stderr, 0.014717521152030368, 4.981695932376561e-05, 323.7708448887886, 515.2985542382202, 0.004043801632436588, 0.0006040351378720606, 0.0032456125341419, 0.06548182608523934, 9.439145679698321e-05, 17.02527532817017, 9.996999549864949, 0.034616484172232696, 0.001248521385434917, 0.04203434550318519, 0.001488497386231371, 0.010602446863201333, 6.289491304621012

0.9816355109214783, 0.00021858424588572234, 21595.0, 2261.0, 0.9418820194090065, 0.9938701594959366, 0.979770386510024, 0.8500000238418579, 0.0014068548334762454, 221.0, 149.0, 0.7015873015873015, 0.9907512002207971, 0.5631516845793146, 0.10196232795715332, 1.6949600219726562, 154.9208424091339
0.9261329770088196, 1.5178118701442145e-05, 20374.0, 157.0, 0.9581001645897014, 0.9968259151389561, 0.971530102409258, 0.7730769515037537, 0.0009819658007472754, 201.0, 104.0, 0.711504424778761, 0.9958662289462025, 0.635418342908642, 0.09860515594482422, 1.6888291061698617, 167.30817556381226
0.939588189125061, 1.8851804270525463e-05, 20670.0, 195.0, 0.9644456886898096, 0.9938029687486523, 0.9758018206642715, 0.6346153616905212, 0.0012368992902338505, 165.0, 131.0, 0.5935251798561151, 0.9902090127321457, 0.49853831939014936, 0.0930473804473877, 1.6638833053650395, 136.98753714561462
0.918496310710907, 1.3147924619261175e-05, 20206.0, 136.0, 0.95444132165041, 0.9961657377869573, 0.9769182471660808, 0.5384615659713745, 0.0008875460480339825, 140.0, 94.0, 0.5668016194331983, 0.9948481293986913, 0.643396936776179, 0.09607052803039551, 1.7301892878404304, 151.49320125579834
0.9908632040023804, 0.0002195510023739189, 21798.0, 2271.0, 0.9463401927585309, 0.9950846600785201, 0.9908207503909141, 0.8846153616905212, 0.0012368992902338505, 230.0, 131.0, 0.7407407407407407, 0.9900192834264216, 0.7488051422314944, 0.0961298942565918, 1.692025026679039, 172.81717801094055

Namespace(compressed=True, dataset='OPTC', delta=2.5, encoder='GCN', fpweight=0.6, hidden=32, impl='DYNTEDGE', load=False, ngrus=1, nowrite=False, rnn='GRU', te_end=None, tests=5, threads=1, workers=8, zdim=16)

[0]:
, TPR, FPR, TP, FP, F1, AUC, AP, UW_TPR, UW_FPR, UW_TP, UW_FP, UW_F1, UW_AUC, UW_AP, FwdTime, TPE, tr_time
mean, 0.49436374828219415, 7.1934710831556e-06, 4254.0, 38.8, 0.5913443186225292, 0.9963668509092022, 0.7721166288912149, 0.46363636255264284, 0.0005964746349491179, 10.2, 29.0, 0.3197217180883243, 0.9655443345194266, 0.3785990691682211, 0.04201836585998535, 1.4964214089519159, 132.9050214290619
stderr, 0.16493976345154823, 5.574308181903197e-07, 1419.3066264905551, 3.0066592756745814, 0.1586075294485802, 0.0014425757055415943, 0.13666872764907592, 0.15837500880454367, 5.162550308488968e-05, 3.484250278036869, 2.5099800796022267, 0.09655843305521714, 0.0029618870195066067, 0.1178347458670257, 0.002427830421894583, 0.0047685217924776325, 4.33099639108909

0.2706565856933594, 7.601348443131428e-06, 2329.0, 41.0, 0.42441913439635537, 0.99577157503363, 0.7351803773570902, 0.22727273404598236, 0.0006170427077449858, 5.0, 30.0, 0.17543859649122806, 0.9602881589502047, 0.2572194471027552, 0.03970646858215332, 1.5066794332335978, 134.06984329223633
0.04264962300658226, 8.713740498933475e-06, 367.0, 47.0, 0.08138374542632221, 0.9909864744155807, 0.25534253816924257, 0.04545454680919647, 0.0007198831881396472, 1.0, 35.0, 0.034482758620689655, 0.9707951810833401, 0.04428544763897467, 0.03940868377685547, 1.4869518045519219, 121.12019371986389
0.6847181916236877, 5.376563422032632e-06, 5892.0, 29.0, 0.8112350268484099, 0.9986712584120152, 0.9534207408562896, 0.6363636255264282, 0.000431929889600724, 14.0, 21.0, 0.4912280701754386, 0.9688248514890363, 0.47214183495449497, 0.03784060478210449, 1.4905199607213337, 130.22092485427856
0.4760023355484009, 6.674354608549038e-06, 4096.0, 36.0, 0.6431655805919761, 0.9985687897150407, 0.9200268358799731, 0.4545454680919647, 0.0005347703699953854, 10.0, 26.0, 0.3448275862068966, 0.9711224007075424, 0.3636192097470089, 0.05140948295593262, 1.4886828536417946, 131.21418118476868
0.9977920055389404, 7.601348443131428e-06, 8586.0, 41.0, 0.9965181058495822, 0.9978361569697443, 0.996612652193479, 0.9545454382896423, 0.000678747019264847, 21.0, 33.0, 0.5526315789473685, 0.9566910803670096, 0.7557294063978719, 0.04172658920288086, 1.5092729926109314, 147.899964094162

[1]:
, TPR, FPR, TP, FP, F1, AUC, AP, UW_TPR, UW_FPR, UW_TP, UW_FP, UW_F1, UW_AUC, UW_AP, FwdTime, TPE, tr_time
mean, 0.8748444557189942, 0.0007044304220471531, 5905.2, 3016.4, 0.7740279632118976, 0.9871196721203571, 0.8302045263831245, 0.6037558674812317, 0.0015703545650467277, 128.6, 70.6, 0.6124198508148585, 0.9895485029637469, 0.6480106950168831, 0.04994344711303711, 1.4964214089519159, 132.9050214290619
stderr, 0.04007694540423951, 0.00034598095029560557, 270.51938932357507, 1481.50469455888, 0.06352326860329528, 0.0016162543204589, 0.09771789616057383, 0.09111610612773997, 0.0005077347472479839, 19.407730418572903, 22.82673870705143, 0.050892557106239834, 0.0011345006925360666, 0.030870325873446364, 0.002949187519049994, 0.0047685217924776325, 4.33099639108909

0.9394074082374573, 0.002038046717643738, 6341.0, 8727.0, 0.5812631771931432, 0.9841359930930134, 0.4489535284042014, 0.8732394576072693, 0.003581120166927576, 186.0, 161.0, 0.6642857142857143, 0.9873067236254098, 0.5540724948478154, 0.04470491409301758, 1.5066794332335978, 134.06984329223633
0.9422222375869751, 1.4012010069563985e-05, 6360.0, 60.0, 0.9658314350797266, 0.9894876082413693, 0.9722093406493743, 0.6948356628417969, 0.0010009341640397906, 148.0, 45.0, 0.7290640394088671, 0.9938335769618676, 0.7297567532390312, 0.059697628021240234, 1.4869518045519219, 121.12019371986389
0.7226666808128357, 0.000503731775097549, 4878.0, 2157.0, 0.7077257889009794, 0.9911555035796491, 0.845367000339397, 0.5211267471313477, 0.0012678500497713685, 111.0, 57.0, 0.5826771653543307, 0.9892390435559366, 0.6067137580935534, 0.04727292060852051, 1.4905199607213337, 130.22092485427856
0.8900740742683411, 0.0004649651818908751, 6008.0, 1991.0, 0.8146993016475694, 0.9882024454295578, 0.950037361966178, 0.3239436745643616, 0.0008452333277091384, 69.0, 38.0, 0.43125, 0.9892962174189911, 0.6891905925415984, 0.053632497787475586, 1.4886828536417946, 131.21418118476868
0.8798518776893616, 0.0005013964255340397, 5939.0, 2147.0, 0.8006201132380696, 0.9826168102581957, 0.9344554005564719, 0.6056337952613831, 0.0011566351167857647, 129.0, 52.0, 0.6548223350253807, 0.9880669532565294, 0.6603198763624177, 0.04440927505493164, 1.5092729926109314, 147.899964094162

[2]:
, TPR, FPR, TP, FP, F1, AUC, AP, UW_TPR, UW_FPR, UW_TP, UW_FP, UW_F1, UW_AUC, UW_AP, FwdTime, TPE, tr_time
mean, 0.9665155053138733, 0.00010160087113035843, 5328.4, 38.6, 0.9782457589683619, 0.9999608687170408, 0.9949285874191194, 0.9666666626930237, 0.0018142235465347766, 40.6, 15.0, 0.83137973967176, 0.9993589743589745, 0.8335581405852684, 0.035465574264526366, 1.4964214089519159, 132.9050214290619
stderr, 0.03348449468612671, 3.3912837392459297e-06, 184.6, 1.2884098726725124, 0.0182750775737481, 1.441906205635921e-05, 0.002461400815878154, 0.03333333730697632, 0.0001209482317790389, 1.4, 1.0, 0.021455047771651383, 0.000222049744077205, 0.06078672603800933, 0.002235569896764066, 0.0047685217924776325, 4.33099639108909

1.0, 8.949299808591604e-05, 5513.0, 34.0, 0.9969258589511755, 0.9999727651808951, 0.997339911868764, 1.0, 0.001330430619418621, 42.0, 11.0, 0.8842105263157896, 0.9993751007901951, 0.8501687186502508, 0.03587770462036133, 1.5066794332335978, 134.06984329223633
1.0, 0.00011055017239414155, 5513.0, 42.0, 0.9962052764727142, 0.9999675090035635, 0.9972614928590317, 1.0, 0.0019351717783138156, 42.0, 16.0, 0.8400000000000001, 0.9996573133365587, 0.9295238975117024, 0.030432462692260742, 1.4869518045519219, 121.12019371986389
0.8325775265693665, 0.00010265372839057818, 4590.0, 39.0, 0.9051469138237035, 0.9999096237333587, 0.985655241882623, 0.8333333134651184, 0.0019351717783138156, 35.0, 16.0, 0.7526881720430109, 0.9986292533462344, 0.6509512279847375, 0.033495187759399414, 1.4905199607213337, 130.22092485427856
1.0, 0.00010265372839057818, 5513.0, 39.0, 0.996475372797108, 0.9999973673756193, 0.9998067217599454, 1.0, 0.0019351717783138156, 42.0, 16.0, 0.8400000000000001, 0.999939525882922, 0.988193156050299, 0.043703317642211914, 1.4886828536417946, 131.21418118476868
1.0, 0.00010265372839057818, 5513.0, 39.0, 0.996475372797108, 0.9999570782917673, 0.9945795687252327, 1.0, 0.0019351717783138156, 42.0, 16.0, 0.8400000000000001, 0.9991936784389615, 0.7489537027293525, 0.03381919860839844, 1.5092729926109314, 147.899964094162

[3]:
, TPR, FPR, TP, FP, F1, AUC, AP, UW_TPR, UW_FPR, UW_TP, UW_FP, UW_F1, UW_AUC, UW_AP, FwdTime, TPE, tr_time
mean, 0.7113070249557495, 0.0001919679867569357, 15651.6, 1986.0, 0.7848288876056868, 0.9946633388641256, 0.8681886205324727, 0.6073170661926269, 0.0010700110695324838, 149.4, 104.6, 0.5886883916368917, 0.9870888552117651, 0.5768210473039102, 0.07891898155212403, 1.4964214089519159, 132.9050214290619
stderr, 0.059489036468031345, 4.856083562858964e-05, 1308.9968143582319, 502.38491219382774, 0.03621996964283277, 0.0005853275159249502, 0.04393119614614104, 0.07336919441133367, 6.86676510209552e-05, 18.04882267628556, 6.712674578735364, 0.045389123993290585, 0.0008429974422687267, 0.020704617898579466, 0.003502525541622484, 0.0047685217924776325, 4.33099639108909

0.6262497901916504, 0.00031463030609302223, 13780.0, 3255.0, 0.7059607059607059, 0.9933000884623439, 0.7726279879311566, 0.8130081295967102, 0.0012684643734246492, 200.0, 124.0, 0.7017543859649122, 0.9856976528918693, 0.6289606201845368, 0.08234429359436035, 1.5066794332335978, 134.06984329223633
0.5751681327819824, 1.5949000953696668e-05, 12656.0, 165.0, 0.7268341708542713, 0.9945712977435409, 0.7546732782338224, 0.6544715166091919, 0.0010945620015263557, 161.0, 107.0, 0.6264591439688716, 0.9903406215974269, 0.6037844420475779, 0.06519079208374023, 1.4869518045519219, 121.12019371986389
0.6871023178100586, 0.00021545651543419808, 15119.0, 2229.0, 0.7683980483838178, 0.9962369455106288, 0.9054927017295663, 0.5528455376625061, 0.0010536437621340156, 136.0, 103.0, 0.5608247422680412, 0.9866968014272802, 0.5111438601959059, 0.08209800720214844, 1.4905199607213337, 130.22092485427856
0.7494091987609863, 0.00019863757188431919, 16490.0, 2055.0, 0.813336950356359, 0.9957226636845563, 0.9392920397046522, 0.3658536672592163, 0.0008388232090510428, 90.0, 82.0, 0.430622009569378, 0.9868401398936859, 0.5510760048738363, 0.08468055725097656, 1.4886828536417946, 131.21418118476868
0.9186056852340698, 0.00021516653941944242, 20213.0, 2226.0, 0.9096145624732803, 0.993485698919558, 0.9688570950631661, 0.6504064798355103, 0.0010945620015263557, 160.0, 107.0, 0.6237816764132553, 0.9858690602485631, 0.5891403092176942, 0.08028125762939453, 1.5092729926109314, 147.899964094162

Namespace(compressed=True, dataset='OPTC', delta=3.0, encoder='GCN', fpweight=0.6, hidden=32, impl='DYNTEDGE', load=False, ngrus=1, nowrite=False, rnn='GRU', te_end=None, tests=5, threads=1, workers=8, zdim=16)

[0]:
, TPR, FPR, TP, FP, F1, AUC, AP, UW_TPR, UW_FPR, UW_TP, UW_FP, UW_F1, UW_AUC, UW_AP, FwdTime, TPE, tr_time
mean, 0.9284369587898255, 8.58259245433146e-06, 7989.2, 46.2, 0.9550909131542686, 0.9989888801801193, 0.9933934877800054, 0.8, 0.0006918605882674456, 19.2, 34.4, 0.4994959213642165, 0.97887235775628, 0.5746393383204375, 0.047622966766357425, 1.3563773329982542, 121.90651206970215
stderr, 0.06430827141546516, 7.758000279726726e-07, 553.3726953871143, 4.17612260356422, 0.03877830240037689, 0.00038642871194978056, 0.0031083662111213643, 0.0664057362605156, 7.351287187202035e-05, 1.5937377450509227, 3.655133376499413, 0.04799334619462686, 0.007206739524008765, 0.09370114413249055, 0.0031134786483203503, 0.0085636807044315, 4.958406340802612

0.9877977967262268, 6.6877341851068195e-06, 8500.0, 36.0, 0.9917741088617934, 0.9992500051760694, 0.995738069096241, 0.8333333134651184, 0.0005832545575685799, 20.0, 29.0, 0.547945205479452, 0.9790707145873978, 0.5550080510960159, 0.045273542404174805, 1.3652167320251465, 124.26083064079285
0.9976757764816284, 9.288520232075825e-06, 8585.0, 50.0, 0.9959396751740139, 0.9994975832398905, 0.9965716226838366, 0.9166666865348816, 0.0007441523484885693, 22.0, 37.0, 0.5301204819277109, 0.9902857947346192, 0.6344497446469742, 0.04298877716064453, 1.3495538846040382, 139.7523899078369
0.9975595474243164, 8.359667845070362e-06, 8584.0, 45.0, 0.9961703609144714, 0.9984546226720014, 0.9974624884785663, 0.875, 0.000663703482132405, 21.0, 33.0, 0.5384615384615385, 0.9691373698571362, 0.8169042882121726, 0.04127955436706543, 1.3470871567726135, 112.89162349700928
0.9877977967262268, 7.43081591281225e-06, 8500.0, 40.0, 0.9915427238261884, 0.9999542385014664, 0.9961832711401087, 0.8333333134651184, 0.0005229178932495415, 20.0, 26.0, 0.5714285714285714, 0.9980822154287592, 0.6245400184478808, 0.05863595008850098, 1.3352225764853056, 112.85886716842651
0.6713538765907288, 1.114622409659205e-05, 5777.0, 60.0, 0.8000276969948762, 0.9977879513111689, 0.9810119875012738, 0.5416666865348816, 0.0009452746598981321, 13.0, 47.0, 0.30952380952380953, 0.957785694173488, 0.24229458919914346, 0.04993700981140137, 1.3848063151041667, 119.76884913444519

[1]:
, TPR, FPR, TP, FP, F1, AUC, AP, UW_TPR, UW_FPR, UW_TP, UW_FP, UW_F1, UW_AUC, UW_AP, FwdTime, TPE, tr_time
mean, 0.6201620221138, 0.0012280421593459322, 4134.0, 4836.8, 0.568096896035786, 0.9923017802278243, 0.7833274586219124, 0.3941747575998306, 0.002164275664836168, 81.2, 78.6, 0.3956253725333631, 0.9888183099679708, 0.5966224117960665, 0.05051922798156738, 1.3563773329982542, 121.90651206970215
stderr, 0.11813911280363841, 0.0009243693049586097, 787.5152696932295, 3640.745904344328, 0.07845437789346892, 0.0020588992812845255, 0.06534417474637062, 0.14602212883457052, 0.00116167046082869, 30.08055850545332, 42.188387027711784, 0.10556399660033272, 0.0018125275743771023, 0.035158606960256945, 0.002902567307679836, 0.0085636807044315, 4.958406340802612

0.37413740158081055, 0.00043314587674103677, 2494.0, 1706.0, 0.45904656727406584, 0.9878642706046685, 0.6241857608446252, 0.1116504818201065, 0.0009912713430821896, 23.0, 36.0, 0.17358490566037738, 0.9844545107255396, 0.558926526124486, 0.045635223388671875, 1.3652167320251465, 124.26083064079285
0.8981398344039917, 0.00043847766937687993, 5987.0, 1727.0, 0.8326842837273992, 0.9968456104509553, 0.958874572531576, 0.7330096960067749, 0.0012666244292631745, 151.0, 46.0, 0.7493796526054591, 0.9926471354852404, 0.7298872626518876, 0.050571441650390625, 1.3495538846040382, 139.7523899078369
0.5489048957824707, 0.00034377461997792125, 3659.0, 1354.0, 0.6265947427005737, 0.9904399056664756, 0.8331580338763845, 0.16019417345523834, 0.0009637359762564301, 33.0, 35.0, 0.24087591240875916, 0.986670301506342, 0.5374051340885783, 0.05845928192138672, 1.3470871567726135, 112.89162349700928
0.3795379400253296, 1.2440883438102901e-05, 2530.0, 49.0, 0.5473228772309356, 0.9976200458369954, 0.8610644690954261, 0.1990291327238083, 0.0007985241245478392, 41.0, 29.0, 0.2971014492753623, 0.9936086659781946, 0.6046633949751293, 0.0551605224609375, 1.3352225764853056, 112.85886716842651
0.9000900387763977, 0.004912371747195721, 6000.0, 19348.0, 0.3748360092459549, 0.988739068580027, 0.6393544567615504, 0.7669903039932251, 0.006801222451031208, 158.0, 247.0, 0.5171849427168576, 0.9867109361445374, 0.552229741140251, 0.042769670486450195, 1.3848063151041667, 119.76884913444519

[2]:
, TPR, FPR, TP, FP, F1, AUC, AP, UW_TPR, UW_FPR, UW_TP, UW_FP, UW_F1, UW_AUC, UW_AP, FwdTime, TPE, tr_time
mean, 0.7333980202674866, 9.633657900849357e-05, 3779.2, 36.6, 0.8234070488746006, 0.9999375034432318, 0.9898388854596789, 0.7333333373069764, 0.0016207063337787986, 26.4, 13.4, 0.6818370035761341, 0.998931623931624, 0.7107984349786087, 0.03261079788208008, 1.3563773329982542, 121.90651206970215
stderr, 0.11292959947241826, 4.211434361423049e-06, 581.9262324384423, 1.5999999999999999, 0.07461355143226155, 1.8233092837005322e-05, 0.0038120528349404417, 0.11303883246620616, 0.0001054402287523047, 4.069397989875161, 0.8717797887081347, 0.06847762180239379, 0.0003131316328126815, 0.08329432709352183, 0.001389905338244459, 0.0085636807044315, 4.958406340802612

0.5010673403739929, 0.00010528587881708518, 2582.0, 40.0, 0.6641800643086817, 0.999895590142703, 0.9824552499257952, 0.5, 0.0018142234766855836, 18.0, 15.0, 0.5217391304347826, 0.9982260925657152, 0.5572622752993668, 0.03312373161315918, 1.3652167320251465, 124.26083064079285
1.0, 8.949299808591604e-05, 5153.0, 34.0, 0.9967117988394585, 0.9999977959025746, 0.9998287743678977, 1.0, 0.0014513788046315312, 36.0, 12.0, 0.8571428571428571, 0.9999596839219481, 0.9907233788812735, 0.03534078598022461, 1.3495538846040382, 139.7523899078369
0.6656316518783569, 8.949299808591604e-05, 3430.0, 34.0, 0.7961007311129165, 0.9999354013012748, 0.9919497100038381, 0.6666666865348816, 0.0014513788046315312, 24.0, 12.0, 0.6666666666666666, 0.9987300435413643, 0.6446311858076563, 0.03558993339538574, 1.3470871567726135, 112.89162349700928
0.500291109085083, 8.949299808591604e-05, 2578.0, 34.0, 0.6640051513200257, 0.9999056993645213, 0.9797105977937177, 0.5, 0.0014513788046315312, 18.0, 12.0, 0.5454545454545454, 0.9984478309950008, 0.5569214554508672, 0.02834033966064453, 1.3352225764853056, 112.85886716842651
1.0, 0.00010791802196763456, 5153.0, 41.0, 0.9960374987919204, 0.9999530305050853, 0.9952500952071457, 1.0, 0.0019351717783138156, 36.0, 16.0, 0.8181818181818181, 0.9992944686340912, 0.8044538794538796, 0.030659198760986328, 1.3848063151041667, 119.76884913444519

[3]:
, TPR, FPR, TP, FP, F1, AUC, AP, UW_TPR, UW_FPR, UW_TP, UW_FP, UW_F1, UW_AUC, UW_AP, FwdTime, TPE, tr_time
mean, 0.7725394010543823, 0.0001462058195102145, 17009.0, 1511.6, 0.8348081656156794, 0.9954895889523296, 0.9362715967534327, 0.4502057731151581, 0.0011780830449424685, 109.4, 112.6, 0.4402950915418655, 0.9882052108059447, 0.44707328863410056, 0.07425317764282227, 1.3563773329982542, 121.90651206970215
stderr, 0.0596836612594175, 5.5349484119397485e-05, 1314.0550977793891, 572.24999781564, 0.03241971361481795, 0.001052058166671375, 0.013571589916628261, 0.12597299244463486, 0.00020681999870906238, 30.61143577161973, 19.767650340897877, 0.08634538233916199, 0.002094934617594025, 0.05516113624688096, 0.002746270020051376, 0.0085636807044315, 4.958406340802612

0.6503610610961914, 0.00020195670367684215, 14319.0, 2088.0, 0.745315427857589, 0.9932452227924139, 0.9093666011413786, 0.201646089553833, 0.0009834796655923128, 49.0, 94.0, 0.25388601036269426, 0.9838202918086807, 0.353778140675516, 0.06887006759643555, 1.3652167320251465, 124.26083064079285
0.9652995467185974, 0.00021627164096571505, 21253.0, 2236.0, 0.9340746275216455, 0.9976641789857611, 0.9857930715560772, 0.7613168954849243, 0.0010881051421165466, 185.0, 104.0, 0.6954887218045113, 0.9931392155852201, 0.6254908309774, 0.06838536262512207, 1.3495538846040382, 139.7523899078369
0.756824254989624, 1.5765775970066898e-05, 16663.0, 163.0, 0.8579666864042428, 0.9941451424806447, 0.9272595023908623, 0.25514402985572815, 0.0010044047376140952, 62.0, 96.0, 0.3092269326683292, 0.9841305946598718, 0.3431351886741541, 0.08339333534240723, 1.3470871567726135, 112.89162349700928
0.6518145203590393, 1.3928048247180413e-05, 14351.0, 144.0, 0.7860977212971079, 0.9983833595017446, 0.9423873823877597, 0.27983540296554565, 0.0008265413925983012, 68.0, 79.0, 0.3487179487179487, 0.9932379854951177, 0.388150800499578, 0.07621979713439941, 1.3352225764853056, 112.85886716842651
0.8383976221084595, 0.00028310692869126797, 18459.0, 2927.0, 0.8505863649978113, 0.9940100410010835, 0.9165514262910863, 0.7530864477157593, 0.001987884286791086, 183.0, 190.0, 0.5941558441558442, 0.9866979664808336, 0.5248114823438549, 0.07439732551574707, 1.3848063151041667, 119.76884913444519

Namespace(compressed=True, dataset='OPTC', delta=4.0, encoder='GCN', fpweight=0.6, hidden=32, impl='DYNTEDGE', load=False, ngrus=1, nowrite=False, rnn='GRU', te_end=None, tests=5, threads=1, workers=8, zdim=16)

[0]:
, TPR, FPR, TP, FP, F1, AUC, AP, UW_TPR, UW_FPR, UW_TP, UW_FP, UW_F1, UW_AUC, UW_AP, FwdTime, TPE, tr_time
mean, 0.7112788915634155, 2.4870289735190453e-06, 6123.4, 13.4, 0.7841707865916744, 0.9986536003955319, 0.9944220920729798, 0.5545454531908035, 0.00021309845469659195, 12.2, 9.0, 0.5392443609022557, 0.9758558378213159, 0.566053600055057, 0.04521574974060059, 1.096850997899021, 107.335529088974
stderr, 0.15178574482376406, 4.789753576415803e-07, 1306.7234826083136, 2.5806975801127883, 0.13210139498604725, 0.0004077064868953669, 0.001088282865998116, 0.12145808048551943, 5.241261594589747e-05, 2.6720778431774774, 2.2135943621178655, 0.09210001680623732, 0.007105104843322452, 0.08445475654672029, 0.001102815006021442, 0.007831171503040938, 3.9200570450872347

0.684167742729187, 2.041590960288886e-06, 5890.0, 11.0, 0.8118538938662991, 0.9990564211054835, 0.9930172583597905, 0.5, 0.00016574324399698526, 11.0, 7.0, 0.55, 0.9814200751656357, 0.44891693791738213, 0.045655250549316406, 1.1245343615027035, 107.84267711639404
0.9872226715087891, 4.268781140126521e-06, 8499.0, 23.0, 0.9922362967719339, 0.9978778562043089, 0.9951033028656553, 0.7727272510528564, 0.0004025193047709763, 17.0, 17.0, 0.6071428571428571, 0.958115929862627, 0.5911530482622439, 0.04410409927368164, 1.0979351344173902, 111.18823528289795
0.9969798922538757, 2.598388391561457e-06, 8583.0, 14.0, 0.9976752295710799, 0.9999719014836533, 0.997664414753754, 0.8181818127632141, 0.00023677606077399105, 18.0, 10.0, 0.7200000000000001, 0.997671522728349, 0.860278600969951, 0.04427480697631836, 1.0981047839334566, 112.83851456642151
0.16169124841690063, 2.041590960288886e-06, 1392.0, 11.0, 0.27806632041550144, 0.9986143056655779, 0.9912178764628697, 0.13636364042758942, 0.00016574324399698526, 3.0, 7.0, 0.18749999999999997, 0.9794499907442088, 0.36177822473578464, 0.0492401123046875, 1.0836829317027126, 92.07657933235168
0.7263329029083252, 1.4847934153294773e-06, 6253.0, 8.0, 0.8410221923335574, 0.9977475175186356, 0.9951076079228293, 0.5454545617103577, 9.471041994402185e-05, 12.0, 4.0, 0.631578947368421, 0.9626216706057593, 0.5681411883899228, 0.04280447959899902, 1.0799977779388428, 112.73163914680481

[1]:
, TPR, FPR, TP, FP, F1, AUC, AP, UW_TPR, UW_FPR, UW_TP, UW_FP, UW_F1, UW_AUC, UW_AP, FwdTime, TPE, tr_time
mean, 0.33690592646598816, 0.0004417172655962531, 2055.8, 1424.6, 0.3955813007568529, 0.9979659986232343, 0.6498449791830929, 0.2625, 0.0012977157020941377, 8.4, 34.2, 0.30036363636363633, 0.995181590081202, 0.40925774002088017, 0.0504605770111084, 1.096850997899021, 107.335529088974
stderr, 0.1717221436910911, 0.0003255158762591755, 1047.8485291300456, 1049.8342535848217, 0.17480853718008596, 0.0012745787826307232, 0.19583071601559396, 0.13749999999999998, 0.0009500179316222174, 4.3999999999999995, 25.036772954995616, 0.1390765292626169, 0.0027164971645968028, 0.1558539116816083, 0.0011414000940784576, 0.007831171503040938, 3.9200570450872347

0.0, 0.0017239562002941966, 0.0, 5560.0, 0.0, 0.9937559066009166, 0.1358609071424466, 0.0, 0.00508461706340313, 0.0, 134.0, 0.0, 0.9864003092509677, 0.04229168842049242, 0.04826927185058594, 1.1245343615027035, 107.84267711639404
0.3102261424064636, 5.5811528909543995e-06, 1893.0, 18.0, 0.4724822163983527, 0.9999684368812228, 0.9831241184072447, 0.25, 0.000379449047613889, 8.0, 10.0, 0.32, 0.9990484129543902, 0.44078328975346437, 0.05165553092956543, 1.0979351344173902, 111.18823528289795
0.9287118911743164, 0.0003035527188330889, 5667.0, 979.0, 0.889080640100408, 0.9998712781405772, 0.9231225069217228, 0.75, 0.000379449047613889, 24.0, 10.0, 0.7272727272727272, 0.9995743056082568, 0.7256456071054954, 0.04881739616394043, 1.0981047839334566, 112.83851456642151
0.0, 0.0001748761278577149, 0.0, 564.0, 0.0, 0.9962356195749728, 0.20810114549475728, 0.0, 0.000569173542317003, 0.0, 15.0, 0.0, 0.9911944107156409, 0.06532394047450327, 0.054392099380493164, 1.0836829317027126, 92.07657933235168
0.44559159874916077, 6.201281053108687e-07, 2719.0, 2.0, 0.6163436472855037, 0.999998751918482, 0.9990162179492927, 0.3125, 7.58898095227778e-05, 10.0, 2.0, 0.45454545454545453, 0.999690511876755, 0.7722441743504453, 0.04916858673095703, 1.0799977779388428, 112.73163914680481

[2]:
, TPR, FPR, TP, FP, F1, AUC, AP, UW_TPR, UW_FPR, UW_TP, UW_FP, UW_F1, UW_AUC, UW_AP, FwdTime, TPE, tr_time
mean, 0.3665097951889038, 1.8949861987493934e-05, 2414.2, 7.2, 0.43275080243237907, 0.9999671987874523, 0.9962112637994371, 0.3666666686534882, 0.0005402485141530633, 11.0, 4.0, 0.3839800709016001, 0.9992481541509093, 0.7606622415799675, 0.02910637855529785, 1.096850997899021, 107.335529088974
stderr, 0.1855347444379878, 1.163418148635697e-05, 1222.1173593399285, 4.420407221060069, 0.19409436248455322, 1.4396851652962768e-05, 0.0017756708858830553, 0.18559214533845647, 0.0003335788484715721, 5.5677643628300215, 2.4698178070456938, 0.1714616925709139, 0.0002531389231431482, 0.07201654987074163, 0.0014229451629254367, 0.007831171503040938, 3.9200570450872347

0.0, 0.0, 0.0, 0.0, 0.0, 0.9999894683033509, 0.9988322002461125, 0.0, 0.0, 0.0, 0.0, 0.0, 0.999527282549973, 0.8110056047175723, 0.026689529418945312, 1.1245343615027035, 107.84267711639404
0.3339911997318268, 5.000657984055579e-05, 2200.0, 19.0, 0.4996593231887349, 0.9999333356148413, 0.9909966906603538, 0.3333333432674408, 0.001215559197589755, 10.0, 9.0, 0.4081632653061224, 0.9986493787142086, 0.5932113299048782, 0.02567577362060547, 1.0979351344173902, 111.18823528289795
1.0, 4.4742730096913874e-05, 6587.0, 17.0, 0.9987112425138351, 0.9999828858930544, 0.9983755848032835, 1.0, 0.0014856833731755614, 30.0, 11.0, 0.8450704225352113, 0.9994597514856834, 0.8085776367505642, 0.030420541763305664, 1.0981047839334566, 112.83851456642151
0.0, 0.0, 0.0, 0.0, 0.0, 0.9999316238844959, 0.9929457909255421, 0.0, 0.0, 0.0, 0.0, 0.0, 0.9986718890689718, 0.6102397449596091, 0.033705711364746094, 1.0836829317027126, 92.07657933235168
0.49855777621269226, 0.0, 3284.0, 0.0, 0.6653834464593252, 0.9999986802415194, 0.9999060523618936, 0.5, 0.0, 15.0, 0.0, 0.6666666666666666, 0.9999324689357104, 0.9802768915672142, 0.02904033660888672, 1.0799977779388428, 112.73163914680481

[3]:
, TPR, FPR, TP, FP, F1, AUC, AP, UW_TPR, UW_FPR, UW_TP, UW_FP, UW_F1, UW_AUC, UW_AP, FwdTime, TPE, tr_time
mean, 0.4737741366028786, 0.0009970772510314418, 10425.4, 10313.6, 0.521840228810005, 0.9943020803052678, 0.6613733067839218, 0.14678111299872398, 0.0012093243189156056, 34.2, 102.2, 0.21171151279447056, 0.9902970875275446, 0.4190020209670943, 0.07659602165222168, 1.096850997899021, 107.335529088974
stderr, 0.15107459853793329, 0.000880380137157186, 3324.396600888648, 9106.504678525127, 0.1652476642447887, 0.0014623269705213511, 0.19836496915338747, 0.034345490570042256, 0.0007656310063954696, 8.002499609497022, 64.7034774954175, 0.05234944745939341, 0.0019647233915683513, 0.09680610179345489, 0.0026206158718010252, 0.007831171503040938, 3.9200570450872347

0.2497614175081253, 0.004512447398155928, 5496.0, 46676.0, 0.14818609542041333, 0.989913650919091, 0.11631768256707999, 0.042918454855680466, 0.004259850829839706, 10.0, 360.0, 0.03316749585406301, 0.9835247422277273, 0.09915957543790263, 0.07479023933410645, 1.1245343615027035, 107.84267711639404
0.5551465749740601, 7.637401722604409e-06, 12216.0, 79.0, 0.7123032069970845, 0.9940171574452703, 0.9860256287740425, 0.1330472081899643, 0.0005561471916735172, 31.0, 47.0, 0.19935691318327975, 0.9889881482903464, 0.5327198204266411, 0.07544088363647461, 1.0979351344173902, 111.18823528289795
0.9518745541572571, 0.00019422202603891492, 20946.0, 2009.0, 0.931761565836299, 0.9991250473440527, 0.9768755654111385, 0.2575107216835022, 0.00048514967784285545, 60.0, 41.0, 0.3592814371257485, 0.9947820127440032, 0.5066866756033718, 0.08687472343444824, 1.0981047839334566, 112.83851456642151
0.0664394423365593, 0.00026875920593738556, 1462.0, 2780.0, 0.11140320798567455, 0.9939477138719199, 0.2393743158804311, 0.16309012472629547, 0.0005561471916735172, 38.0, 47.0, 0.23899371069182387, 0.9933288236199287, 0.3086713095651876, 0.07334375381469727, 1.0836829317027126, 92.07657933235168
0.5456486940383911, 2.3202233023766894e-06, 12007.0, 24.0, 0.7055470678105534, 0.9945068319460045, 0.9882733412869175, 0.1373390555381775, 0.0001893267035484314, 32.0, 16.0, 0.22775800711743774, 0.9908617107557173, 0.6477727238023684, 0.07253050804138184, 1.0799977779388428, 112.73163914680481

