Namespace(compressed=True, dataset='OPTC', delta=0.125, encoder='GCN', fpweight=0.6, hidden=32, impl='STATIC', load=False, ngrus=1, nowrite=False, rnn='GRU', te_end=None, tests=5, threads=1, workers=8, zdim=16)

[0]:
, TPR, FPR, TP, FP, F1, AUC, AP, UW_TPR, UW_FPR, UW_TP, UW_FP, UW_F1, UW_AUC, UW_AP, FwdTime, TPE, tr_time
mean, 0.04560625515878201, 0.08330676853656768, 390.8, 449069.8, 0.0017468168659481955, 0.7356582702203084, 0.003009643022578637, 0.05714285895228386, 0.0935038149356842, 6.8, 9338.6, 0.0014632884768408278, 0.6884343432388675, 0.0018948236098813766, 0.1982111930847168, 3.2475817947597294, 76.32022528648376
stderr, 0.007871515482385868, 0.005993495071441737, 67.45101926583467, 32308.272094619977, 0.0003332783331484225, 0.017121371878903734, 0.00023032687424174027, 0.008972334898371612, 0.006532776135984202, 1.0677078252031311, 652.4544888342788, 0.00024414991562155593, 0.017661004660043514, 0.00013490471479097135, 0.0029158797471968635, 0.06563921045801459, 1.3661467101169407

0.02275644801557064, 0.08802227675914764, 195.0, 474489.0, 0.0008070306857898452, 0.6966733614679325, 0.002420397624503331, 0.03361344709992409, 0.09896469861268997, 4.0, 9884.0, 0.000799440391725792, 0.6438183119133469, 0.001541869351145243, 0.19687223434448242, 3.07893545286996, 74.01774263381958
0.06570194661617279, 0.09778527170419693, 563.0, 527117.0, 0.002099770815423432, 0.7417710660582539, 0.0031135150099176677, 0.08403361588716507, 0.11245168745517731, 10.0, 11231.0, 0.00176056338028169, 0.6944137848983837, 0.0019546216141390397, 0.20284605026245117, 3.205341779268705, 72.86183881759644
0.051581282168626785, 0.08963380008935928, 442.0, 483176.0, 0.001796065316637782, 0.7012346005094036, 0.002696356706562115, 0.05882352963089943, 0.09292709082365036, 7.0, 9281.0, 0.001488253428298076, 0.658095124226273, 0.0017393071094809968, 0.19417715072631836, 3.1961574043546404, 76.74391460418701
0.032325826585292816, 0.07832067459821701, 277.0, 422192.0, 0.0012852695122007804, 0.7486145219050584, 0.0030308638701400897, 0.042016807943582535, 0.09108476340770721, 5.0, 9097.0, 0.0010844810758052273, 0.7015613202046342, 0.001883581837865654, 0.19051098823547363, 3.281535370009286, 77.30908060073853
0.055665772408246994, 0.06277181953191757, 477.0, 338375.0, 0.0027459479996891378, 0.7899978011608932, 0.0037870819017699806, 0.06722689419984818, 0.07209083437919617, 8.0, 7200.0, 0.0021837041080933536, 0.7442831749516996, 0.0023547381367759494, 0.2066495418548584, 3.4759389672960554, 80.66854977607727

[1]:
, TPR, FPR, TP, FP, F1, AUC, AP, UW_TPR, UW_FPR, UW_TP, UW_FP, UW_F1, UW_AUC, UW_AP, FwdTime, TPE, tr_time
mean, 0.4355667769908905, 0.0018503795843571424, 2931.8, 8467.2, 0.3356393384474786, 0.9454901442492073, 0.21053656122208725, 0.5454828560352325, 0.004511945322155953, 350.2, 396.6, 0.5098321339921551, 0.938105959760277, 0.3937973639382187, 0.18006019592285155, 3.2475817947597294, 76.32022528648376
stderr, 0.040358321349507634, 0.0004020849026348279, 271.6518728078273, 1839.9107424002937, 0.04139299046333653, 0.010181453603477253, 0.033398616791130466, 0.03381676483361133, 0.0008727136425876607, 21.710366187607246, 76.71153759376746, 0.03995691392073365, 0.010721368985352229, 0.04167538696604428, 0.005295324398020367, 0.06563921045801459, 1.3661467101169407

0.4520873427391052, 0.0013280372368171811, 3043.0, 6077.0, 0.3839505393981453, 0.9562679158893544, 0.2567185390272707, 0.5623052716255188, 0.0035381114576011896, 361.0, 311.0, 0.5494672754946728, 0.9480458535790104, 0.43554021832025275, 0.16230130195617676, 3.07893545286996, 74.01774263381958
0.35031941533088684, 0.003448482370004058, 2358.0, 15780.0, 0.1896336804857453, 0.938318664704125, 0.14178603161964914, 0.4735202491283417, 0.00799772422760725, 304.0, 703.0, 0.36870830806549426, 0.9279035224820048, 0.3102175452128014, 0.18367910385131836, 3.205341779268705, 72.86183881759644
0.4101916551589966, 0.001392286503687501, 2761.0, 6371.0, 0.34810565466809557, 0.9382389826896794, 0.15732690986278516, 0.5171339511871338, 0.0035381114576011896, 332.0, 311.0, 0.5167315175097276, 0.9307257521468393, 0.3484218230230489, 0.19317197799682617, 3.1961574043546404, 76.74391460418701
0.382706880569458, 0.0014864751137793064, 2576.0, 6802.0, 0.3198212179526973, 0.9169281455612345, 0.17861339080609243, 0.5062305331230164, 0.0037087600212544203, 325.0, 326.0, 0.5027068832173239, 0.9102067539933159, 0.33703739880679495, 0.17510223388671875, 3.281535370009286, 77.30908060073853
0.5825285911560059, 0.0015966166974976659, 3921.0, 7306.0, 0.4366855997327097, 0.9776970124016429, 0.31823793479463897, 0.6682242751121521, 0.0037770194467157125, 429.0, 332.0, 0.6115466856735567, 0.9736479166002148, 0.5377698343281953, 0.18604636192321777, 3.4759389672960554, 80.66854977607727

[2]:
, TPR, FPR, TP, FP, F1, AUC, AP, UW_TPR, UW_FPR, UW_TP, UW_FP, UW_F1, UW_AUC, UW_AP, FwdTime, TPE, tr_time
mean, 0.4906302630901337, 0.03334859348833561, 3199.4, 12674.6, 0.3115635663224601, 0.8932519404765792, 0.3429544530661804, 0.49477911591529844, 0.04314902760088444, 246.4, 445.6, 0.420377863890384, 0.8916543291399354, 0.4039396396324129, 0.15931386947631837, 3.2475817947597294, 76.32022528648376
stderr, 0.03762838676415834, 0.006980841789444534, 245.37473382563246, 2653.166666457273, 0.061494597113260524, 0.019751141072991897, 0.07183428990113781, 0.037548591959981815, 0.005808931305208245, 18.699197843757897, 59.988832294019524, 0.046097257066932594, 0.017066184320451885, 0.05598717196309634, 0.003184575015454765, 0.06563921045801459, 1.3661467101169407

0.5434749126434326, 0.03369958698749542, 3544.0, 12808.0, 0.3098850172692695, 0.9040974351528356, 0.38246881074578276, 0.5461847186088562, 0.04415609687566757, 272.0, 456.0, 0.44371941272430665, 0.8989630449754864, 0.4333104759532243, 0.17004752159118652, 3.07893545286996, 74.01774263381958
0.37693604826927185, 0.053796201944351196, 2458.0, 20446.0, 0.16706881903143586, 0.8659325653312191, 0.1324276734293172, 0.38353413343429565, 0.0605209656059742, 191.0, 625.0, 0.29071537290715377, 0.8684787567039729, 0.2548651317065534, 0.15477871894836426, 3.205341779268705, 72.86183881759644
0.48167458176612854, 0.029242442920804024, 3141.0, 11114.0, 0.30236811705814404, 0.891590900607421, 0.3367327675008425, 0.4859437644481659, 0.04260675981640816, 242.0, 440.0, 0.41016949152542376, 0.8878370069801819, 0.37782485991032466, 0.15848779678344727, 3.1961574043546404, 76.74391460418701
0.4545315206050873, 0.03914866968989372, 2964.0, 14879.0, 0.24330980134624858, 0.8441344294791175, 0.2873915482705181, 0.45582330226898193, 0.04454343020915985, 227.0, 460.0, 0.3831223628691983, 0.8513652751803185, 0.3579120723021184, 0.15153169631958008, 3.281535370009286, 77.30908060073853
0.596534252166748, 0.010856065899133682, 3890.0, 4126.0, 0.5351860769072023, 0.9605043718123029, 0.5757514653844413, 0.6024096608161926, 0.02391788549721241, 300.0, 247.0, 0.5741626794258374, 0.9516275618597172, 0.595785658289844, 0.16172361373901367, 3.4759389672960554, 80.66854977607727

[3]:
, TPR, FPR, TP, FP, F1, AUC, AP, UW_TPR, UW_FPR, UW_TP, UW_FP, UW_F1, UW_AUC, UW_AP, FwdTime, TPE, tr_time
mean, 0.2891449511051178, 0.04498504251241684, 6323.6, 465439.0, 0.02670482067653753, 0.8599822803359294, 0.036614736113006634, 0.4634662330150604, 0.050947229564189914, 569.6, 10055.2, 0.09893505755562201, 0.884520378608179, 0.12231213304716573, 0.573811149597168, 3.2475817947597294, 76.32022528648376
stderr, 0.023089447731567157, 0.0033375908386994967, 504.9661968884649, 34532.473272269395, 0.004246690537048973, 0.012078574615609591, 0.008316395246459125, 0.030965021102460098, 0.0037501653737093818, 38.05601135169054, 740.1514304519042, 0.01268140512017844, 0.012615149550328303, 0.021251114461907302, 0.013229435327137783, 0.06563921045801459, 1.3661467101169407

0.3006858825683594, 0.04733462259173393, 6576.0, 489749.0, 0.025380406989646755, 0.8479132874601916, 0.051239689114836326, 0.4882017970085144, 0.05342385917901993, 600.0, 10544.0, 0.09698537137315122, 0.8883049453193506, 0.14423453154934973, 0.6152868270874023, 3.07893545286996, 74.01774263381958
0.24192959070205688, 0.053423140197992325, 5291.0, 552744.0, 0.018247816452694837, 0.8547019167520506, 0.011644969632429069, 0.3897477686405182, 0.062341347336769104, 479.0, 12304.0, 0.06836996859834428, 0.8690738251071373, 0.06264049143071523, 0.5851705074310303, 3.205341779268705, 72.86183881759644
0.28129857778549194, 0.048119813203811646, 6152.0, 497873.0, 0.02339630534612423, 0.840918366726131, 0.02475420415826058, 0.44589096307754517, 0.05013046786189079, 548.0, 9894.0, 0.0939079770371005, 0.873221676878472, 0.10526485280887327, 0.5706198215484619, 3.1961574043546404, 76.74391460418701
0.2505258321762085, 0.04245801270008087, 5479.0, 439293.0, 0.023482669798260764, 0.8488810619385918, 0.03881069202875704, 0.4239218831062317, 0.04987206310033798, 521.0, 9843.0, 0.08988182523936858, 0.860373038871757, 0.10971688463190413, 0.5632836818695068, 3.281535370009286, 77.30908060073853
0.3712848722934723, 0.033589623868465424, 8120.0, 347536.0, 0.04301690479596107, 0.9074967688026819, 0.05662412563075017, 0.5695687532424927, 0.03896841034293175, 700.0, 7691.0, 0.14553014553014554, 0.9316284068641785, 0.18970390481498633, 0.5346949100494385, 3.4759389672960554, 80.66854977607727

Namespace(compressed=True, dataset='OPTC', delta=0.25, encoder='GCN', fpweight=0.6, hidden=32, impl='STATIC', load=False, ngrus=1, nowrite=False, rnn='GRU', te_end=None, tests=5, threads=1, workers=8, zdim=16)

[0]:
, TPR, FPR, TP, FP, F1, AUC, AP, UW_TPR, UW_FPR, UW_TP, UW_FP, UW_F1, UW_AUC, UW_AP, FwdTime, TPE, tr_time
mean, 0.12014438658952713, 0.04163455367088318, 1031.8, 224432.6, 0.009207449991545817, 0.8260255214517148, 0.005737267312022218, 0.1342105269432068, 0.04923983067274094, 10.2, 4414.4, 0.004639216061140974, 0.7978016947590334, 0.0025263370119486053, 0.12241683006286622, 1.8876727628707883, 54.967062091827394
stderr, 0.01803714417157994, 0.002842788327780955, 154.9030019076454, 15324.153218367403, 0.0018656309502613148, 0.019241041966945545, 0.0009619319966006852, 0.01832682662982877, 0.0027187848130221745, 1.3928388277184118, 243.74178960531162, 0.0007793091599850697, 0.019369660661019195, 0.0003701418431141707, 0.0034610431980274625, 0.0105910743701159, 0.47552925545554026

0.17536096274852753, 0.03655572608113289, 1506.0, 197055.0, 0.014540258461300802, 0.8651448605639147, 0.00885230632913518, 0.18421052396297455, 0.043145086616277695, 14.0, 3868.0, 0.007074279939363315, 0.8411910455103973, 0.0037592475155476465, 0.12766265869140625, 1.8682781968797957, 53.69716930389404
0.1004890576004982, 0.046448249369859695, 863.0, 250381.0, 0.0066427537793651275, 0.7865889882485616, 0.003767023739988085, 0.10526315867900848, 0.05897312983870506, 8.0, 5287.0, 0.0029789610873207964, 0.7534958661335271, 0.0017333315015701219, 0.13343095779418945, 1.928921635945638, 56.1845908164978
0.07626920938491821, 0.04082339257001877, 655.0, 220060.0, 0.005712964941583842, 0.82551750271345, 0.004939573111717815, 0.09210526198148727, 0.045320186764001846, 7.0, 4063.0, 0.003376748673420164, 0.7932101764209634, 0.0021824529171422706, 0.11817049980163574, 1.8823026657104491, 55.239312171936035
0.10072194039821625, 0.04963679984211922, 865.0, 267569.0, 0.00624499137252637, 0.7799720515058686, 0.00411037917960087, 0.1184210553765297, 0.049904629588127136, 9.0, 4474.0, 0.0039482342618995395, 0.7580011289391787, 0.0019944322798776033, 0.11693525314331055, 1.8801708857218424, 55.67236828804016
0.14788076281547546, 0.034708600491285324, 1270.0, 187098.0, 0.012896281402952946, 0.8729042042267791, 0.0070170541996691415, 0.17105263471603394, 0.04885612055659294, 13.0, 4380.0, 0.005817856343701053, 0.8431102567911004, 0.002962220845605384, 0.11588478088378906, 1.8786904300962175, 54.04186987876892

[1]:
, TPR, FPR, TP, FP, F1, AUC, AP, UW_TPR, UW_FPR, UW_TP, UW_FP, UW_F1, UW_AUC, UW_AP, FwdTime, TPE, tr_time
mean, 0.33194836378097536, 0.001497666712384671, 2237.0, 6853.2, 0.3096491420436978, 0.9560039999786749, 0.23298502366746288, 0.5683168411254883, 0.004376262007281184, 229.6, 344.6, 0.4886496737182249, 0.9591479795846697, 0.4534598344340422, 0.11336212158203125, 1.8876727628707883, 54.967062091827394
stderr, 0.02810778073792643, 0.000652677633436469, 189.4183201277004, 2986.5991763207862, 0.043320294964103584, 0.008691631703381792, 0.02830036749445036, 0.01863188936331947, 0.0014103387954804707, 7.527283706623525, 111.05431103743788, 0.04390946879479662, 0.006203762486334853, 0.03651352472871928, 0.0038128820402397734, 0.0105910743701159, 0.47552925545554026

0.42009201645851135, 0.0008197262068279088, 2831.0, 3751.0, 0.425043164927558, 0.9712376290555388, 0.30364210497296573, 0.6262376308441162, 0.0029208946507424116, 253.0, 230.0, 0.5704622322435174, 0.9702812181450546, 0.5464582845565447, 0.12480640411376953, 1.8682781968797957, 53.69716930389404
0.3504970967769623, 0.0012987557565793395, 2362.0, 5943.0, 0.3140122307896836, 0.9683477895099898, 0.20056101086027092, 0.5841584205627441, 0.004609933588653803, 236.0, 363.0, 0.47058823529411764, 0.9692203663427948, 0.5289045705369451, 0.11978340148925781, 1.928921635945638, 56.1845908164978
0.3139931857585907, 0.0006855454994365573, 2116.0, 3137.0, 0.352901934623082, 0.9425046146707174, 0.2965259292770609, 0.5544554591178894, 0.0024764107074588537, 224.0, 195.0, 0.5443499392466586, 0.9489367623185239, 0.4219347337872549, 0.1066586971282959, 1.8823026657104491, 55.239312171936035
0.32898056507110596, 0.004064758308231831, 2217.0, 18600.0, 0.16090869502104804, 0.9284086251393566, 0.16262936084011598, 0.5643564462661743, 0.00975324772298336, 228.0, 768.0, 0.3257142857142857, 0.9398735490302266, 0.3537196728873686, 0.10540151596069336, 1.8801708857218424, 55.67236828804016
0.24617895483970642, 0.0006195477908477187, 1659.0, 2835.0, 0.2953796848571174, 0.9695213415177713, 0.20156671238690085, 0.5123762488365173, 0.0021208233665674925, 207.0, 167.0, 0.532133676092545, 0.9674280020867484, 0.4162819104020976, 0.11016058921813965, 1.8786904300962175, 54.04186987876892

[2]:
, TPR, FPR, TP, FP, F1, AUC, AP, UW_TPR, UW_FPR, UW_TP, UW_FP, UW_F1, UW_AUC, UW_AP, FwdTime, TPE, tr_time
mean, 0.37199698090553285, 0.021172259375452994, 2468.2, 8044.4, 0.29138910525850487, 0.872663021440274, 0.25491104713256385, 0.3829457342624664, 0.03096542991697788, 98.8, 293.8, 0.3036916464625542, 0.876157153221695, 0.2436688567747194, 0.09910039901733399, 1.8876727628707883, 54.967062091827394
stderr, 0.026759881480031503, 0.0028628242691280574, 177.55179525986213, 1087.7301871328202, 0.024751495559501856, 0.009584793165630465, 0.036866993083423505, 0.028703113641018713, 0.0014673951849127793, 7.405403432629447, 13.92264342716569, 0.021526977048609456, 0.009559115382976992, 0.033615424999147284, 0.0033685800056823664, 0.0105910743701159, 0.47552925545554026

0.47354936599731445, 0.01807343028485775, 3142.0, 6867.0, 0.3775534727229032, 0.8994424808801142, 0.39126992602140365, 0.4922480583190918, 0.028878582641482353, 127.0, 274.0, 0.385432473444613, 0.9036293906950599, 0.37266521646703826, 0.09763693809509277, 1.8682781968797957, 53.69716930389404
0.37136396765708923, 0.022223977372050285, 2464.0, 8444.0, 0.2809097645784643, 0.8780195613332298, 0.20226156894091782, 0.38372093439102173, 0.031618885695934296, 99.0, 300.0, 0.3013698630136986, 0.8828896067819654, 0.20381018845205745, 0.11155080795288086, 1.928921635945638, 56.1845908164978
0.3348907232284546, 0.016025792807340622, 2222.0, 6089.0, 0.2973370801552255, 0.8520999187514559, 0.27250812823054604, 0.3488371968269348, 0.02761382795870304, 90.0, 262.0, 0.29508196721311475, 0.8539963168490268, 0.2467760615142357, 0.09874963760375977, 1.8823026657104491, 55.239312171936035
0.35734739899635315, 0.031869981437921524, 2371.0, 12109.0, 0.2245796826900308, 0.8495311692243643, 0.19053495513611685, 0.3604651093482971, 0.03615092858672142, 93.0, 343.0, 0.2680115273775216, 0.8549060747480293, 0.2048589511217361, 0.09634208679199219, 1.8801708857218424, 55.67236828804016
0.32283344864845276, 0.017668114975094795, 2142.0, 6713.0, 0.2765655261459006, 0.8842219770122056, 0.21798065733383487, 0.3294573724269867, 0.0305649247020483, 85.0, 290.0, 0.268562401263823, 0.8853643770343935, 0.1902338663185295, 0.09122252464294434, 1.8786904300962175, 54.04186987876892

[3]:
, TPR, FPR, TP, FP, F1, AUC, AP, UW_TPR, UW_FPR, UW_TP, UW_FP, UW_F1, UW_AUC, UW_AP, FwdTime, TPE, tr_time
mean, 0.2327915072441101, 0.022247839346528055, 5112.8, 230185.8, 0.04051699035052735, 0.891808016175433, 0.0496104449867396, 0.4324786365032196, 0.027727990224957467, 303.6, 4904.0, 0.103871071703816, 0.9122375377408991, 0.1768548255696257, 0.310276460647583, 1.8876727628707883, 54.967062091827394
stderr, 0.023313951906141703, 0.001669755213989169, 512.0443730771777, 17276.012425904308, 0.005192985091468161, 0.011513372587907484, 0.006793716659680205, 0.022089420553729804, 0.001638628235233413, 15.506772713882151, 289.8094201367512, 0.008183883638262293, 0.007923072772288601, 0.02603273259873673, 0.008793035511918406, 0.0105910743701159, 0.47552925545554026

0.31985610723495483, 0.019619416445493698, 7025.0, 202991.0, 0.060565827079175266, 0.9187853212139037, 0.07359291941521728, 0.5071225166320801, 0.02404147945344448, 356.0, 4252.0, 0.13408662900188326, 0.9327373657723481, 0.23484961459577974, 0.3030738830566406, 1.8682781968797957, 53.69716930389404
0.23844647407531738, 0.02492569014430046, 5237.0, 257892.0, 0.03673901758028987, 0.8809704181681366, 0.03602809143670938, 0.4444444477558136, 0.03273192048072815, 312.0, 5789.0, 0.09172423930618843, 0.9135202124300908, 0.2459349624641154, 0.3403148651123047, 1.928921635945638, 56.1845908164978
0.20716659724712372, 0.021520361304283142, 4550.0, 222659.0, 0.03652095741094505, 0.8838637125711981, 0.05398315857372543, 0.4159544110298157, 0.02483871579170227, 292.0, 4393.0, 0.10840913309819937, 0.9014206772163585, 0.13444379669903114, 0.31351685523986816, 1.8823026657104491, 55.239312171936035
0.21249373257160187, 0.027110306546092033, 4667.0, 280495.0, 0.03039153439153439, 0.8584764969655113, 0.04642005981922252, 0.42307692766189575, 0.030170585960149765, 297.0, 5336.0, 0.09376479873717443, 0.8886372345685026, 0.13876076342132126, 0.3082311153411865, 1.8801708857218424, 55.67236828804016
0.18599462509155273, 0.018063422292470932, 4085.0, 186892.0, 0.03836761529069221, 0.9169441319584155, 0.038027995688823396, 0.3717948794364929, 0.026857249438762665, 261.0, 4750.0, 0.09137055837563453, 0.9248721987171957, 0.13028499066788096, 0.28624558448791504, 1.8786904300962175, 54.04186987876892

Namespace(compressed=True, dataset='OPTC', delta=0.5, encoder='GCN', fpweight=0.6, hidden=32, impl='STATIC', load=False, ngrus=1, nowrite=False, rnn='GRU', te_end=None, tests=5, threads=1, workers=8, zdim=16)

[0]:
, TPR, FPR, TP, FP, F1, AUC, AP, UW_TPR, UW_FPR, UW_TP, UW_FP, UW_F1, UW_AUC, UW_AP, FwdTime, TPE, tr_time
mean, 0.24031657576560975, 0.024307391978800295, 2064.8, 131029.8, 0.03834139643164786, 0.8946642942275481, 0.01730464166188591, 0.2418604701757431, 0.036384976282715795, 10.4, 2914.0, 0.008449522559719851, 0.8716130279947872, 0.0037060041148521765, 0.08463068008422851, 1.348902948697408, 43.780106449127196
stderr, 0.05104652719680991, 0.006087292629349362, 438.59176918861573, 32813.75297249615, 0.013282844267822216, 0.0207176036123728, 0.006243514183113156, 0.043258316628328804, 0.006814912513956423, 1.8601075237738274, 545.792726224892, 0.0026182071761628564, 0.02010643710537992, 0.0011294819703351717, 0.006948751590978814, 0.0041663535702038575, 0.3194711982525535

0.4084031581878662, 0.012780739925801754, 3509.0, 68895.0, 0.08664625413600671, 0.9489114352593044, 0.039578941943378444, 0.39534884691238403, 0.022575167939066887, 17.0, 1808.0, 0.018201284796573874, 0.9276371572665417, 0.007956007483058976, 0.07530403137207031, 1.3593621594565255, 43.287689447402954
0.1471135914325714, 0.009951520711183548, 1264.0, 53644.0, 0.03981102362204724, 0.8812506345807706, 0.010883485778932332, 0.1627907007932663, 0.02120167762041092, 7.0, 1698.0, 0.008009153318077802, 0.8617453940200663, 0.002719849775635342, 0.07966184616088867, 1.3457401139395577, 43.10382580757141
0.16329143941402435, 0.03135422617197037, 1403.0, 169016.0, 0.01567501438459089, 0.8921152043603033, 0.007595904487579946, 0.1860465109348297, 0.04545000568032265, 8.0, 3640.0, 0.004334868599295583, 0.865249388463388, 0.0020555509258047126, 0.07470893859863281, 1.3525175253550212, 44.73985934257507
0.1734171360731125, 0.04308201000094414, 1490.0, 232235.0, 0.012297940301340803, 0.8269301328907362, 0.006197600042595239, 0.1860465109348297, 0.056999798864126205, 8.0, 4565.0, 0.0034662045060658577, 0.8068999100988913, 0.001791596255792563, 0.08153486251831055, 1.3522560426167078, 44.33092641830444
0.30935755372047424, 0.024368463084101677, 2658.0, 131359.0, 0.03727674971425366, 0.9241140640466257, 0.022267276056943595, 0.27906978130340576, 0.03569823130965233, 12.0, 2859.0, 0.008236101578586138, 0.8965332901250485, 0.0040070161339692874, 0.11194372177124023, 1.3346389021192278, 43.438231229782104

[1]:
, TPR, FPR, TP, FP, F1, AUC, AP, UW_TPR, UW_FPR, UW_TP, UW_FP, UW_F1, UW_AUC, UW_AP, FwdTime, TPE, tr_time
mean, 0.25220871567726133, 0.002123686426784843, 1701.4, 9717.8, 0.22550808339707257, 0.9411989717428847, 0.19308856805346214, 0.6398648619651794, 0.005036990018561482, 189.4, 348.6, 0.4993014351883963, 0.9627690137759422, 0.5511017499026509, 0.08194446563720703, 1.348902948697408, 43.780106449127196
stderr, 0.041466077528532805, 0.001406741265103219, 279.7301556857966, 6437.122854195031, 0.03225157580472684, 0.016514563167611393, 0.015579773078262173, 0.01997532831716904, 0.002318975047153052, 5.912698199637792, 160.49161971891243, 0.05774460807710385, 0.008251878495739502, 0.024825249669010837, 0.004898023259854543, 0.0041663535702038575, 0.3194711982525535

0.1485324651002884, 0.0005695041036233306, 1002.0, 2606.0, 0.19354838709677422, 0.968804273235241, 0.22891835586748022, 0.5912162065505981, 0.0017628020141273737, 175.0, 122.0, 0.5902192242833053, 0.9746922809267481, 0.5774615670791053, 0.09224319458007812, 1.3593621594565255, 43.287689447402954
0.24399644136428833, 0.0005900464602746069, 1646.0, 2700.0, 0.2967904796249549, 0.96641950908667, 0.21356928968650166, 0.6317567825317383, 0.002051785821095109, 187.0, 142.0, 0.5984, 0.9778833811198205, 0.5732126770635874, 0.08527255058288574, 1.3457401139395577, 43.10382580757141
0.21672101318836212, 0.0009820995619520545, 1462.0, 4494.0, 0.23019996850889624, 0.901746368999211, 0.14893341468393098, 0.625, 0.004146919585764408, 185.0, 287.0, 0.48177083333333337, 0.9427998774551918, 0.45456077953983415, 0.08946371078491211, 1.3525175253550212, 44.73985934257507
0.4015713036060333, 0.007742939051240683, 2709.0, 35431.0, 0.1207057879962572, 0.8997952241140887, 0.1632643216286911, 0.712837815284729, 0.014160213060677052, 211.0, 980.0, 0.2837928715534634, 0.9423896862415531, 0.5933933013333588, 0.07779622077941895, 1.3522560426167078, 44.33092641830444
0.2502223551273346, 0.0007338429568335414, 1688.0, 3358.0, 0.2862957937584803, 0.9692294832792129, 0.2107574584007068, 0.6385135054588318, 0.00306322961114347, 189.0, 212.0, 0.5423242467718795, 0.9760798431363973, 0.556880424497369, 0.06494665145874023, 1.3346389021192278, 43.438231229782104

[2]:
, TPR, FPR, TP, FP, F1, AUC, AP, UW_TPR, UW_FPR, UW_TP, UW_FP, UW_F1, UW_AUC, UW_AP, FwdTime, TPE, tr_time
mean, 0.22248680889606476, 0.027959995344281195, 1476.2, 10623.4, 0.1582437777106159, 0.7971328734505084, 0.11279810968063189, 0.25600000023841857, 0.036652301996946336, 38.4, 323.2, 0.15095020716065144, 0.8041868148484161, 0.08948494134520282, 0.05799574851989746, 1.348902948697408, 43.780106449127196
stderr, 0.03246706751773878, 0.005301934936582557, 215.4189870925959, 2014.470069273803, 0.014355659319372147, 0.02428108484251819, 0.016304511847137337, 0.027535833906416743, 0.005568768381035834, 4.1303752856126765, 49.10539685207727, 0.00983162765951142, 0.021677340599098614, 0.009889646040479804, 0.0008407646583765275, 0.0041663535702038575, 0.3194711982525535

0.1496608853340149, 0.016217922791838646, 993.0, 6162.0, 0.14401740391588108, 0.8198606253767774, 0.1049254639067635, 0.20000000298023224, 0.028691312298178673, 30.0, 253.0, 0.13856812933025403, 0.8258766160127013, 0.08256753605764812, 0.05885958671569824, 1.3593621594565255, 43.287689447402954
0.21672946214675903, 0.01834188774228096, 1438.0, 6969.0, 0.1911979789921553, 0.8472068710107714, 0.16635668789340974, 0.25333333015441895, 0.026309819892048836, 38.0, 232.0, 0.18095238095238098, 0.8437287366749829, 0.12070620943103674, 0.06017875671386719, 1.3457401139395577, 43.10382580757141
0.1707611083984375, 0.03402026742696762, 1133.0, 12926.0, 0.10950033826229826, 0.7268790358625103, 0.06522262812256036, 0.20666666328907013, 0.036289408802986145, 31.0, 320.0, 0.12375249500998005, 0.7443573750661525, 0.06378531314674175, 0.055339813232421875, 1.3525175253550212, 44.73985934257507
0.3354935944080353, 0.0450454019010067, 2226.0, 17115.0, 0.1713889744379427, 0.7521061001065761, 0.10596372501846804, 0.35333332419395447, 0.05772284045815468, 53.0, 509.0, 0.14887640449438203, 0.7599909276479928, 0.07852008574645396, 0.05866503715515137, 1.3522560426167078, 44.33092641830444
0.2397889941930771, 0.026174496859312057, 1591.0, 9945.0, 0.17511419294480216, 0.8396117348959076, 0.1215220434619578, 0.2666666805744171, 0.03424812853336334, 40.0, 302.0, 0.16260162601626016, 0.846980418840251, 0.10184556234413351, 0.05693554878234863, 1.3346389021192278, 43.438231229782104

[3]:
, TPR, FPR, TP, FP, F1, AUC, AP, UW_TPR, UW_FPR, UW_TP, UW_FP, UW_F1, UW_AUC, UW_AP, FwdTime, TPE, tr_time
mean, 0.21534540951251985, 0.01329419706016779, 4732.0, 137547.4, 0.06908871241240958, 0.9004305505612601, 0.055195282000037184, 0.4816777050495148, 0.020812040008604527, 218.2, 3266.2, 0.12277844852704903, 0.920833197243821, 0.288491138466955, 0.18511562347412108, 1.348902948697408, 43.780106449127196
stderr, 0.023503963970329986, 0.0037142066323898196, 516.4761369124425, 38428.7558536573, 0.014428801307239843, 0.016800575258535698, 0.006175999521235356, 0.021051313863683148, 0.004478245203687705, 9.536246641105713, 702.8069009336774, 0.0178369920124998, 0.011816452658528898, 0.02690580996721298, 0.00288018206108306, 0.0041663535702038575, 0.3194711982525535

0.2286793440580368, 0.006204945966601372, 5025.0, 64199.0, 0.11019978508300621, 0.9366861561531209, 0.06811800678244617, 0.4459161162376404, 0.012119435705244541, 202.0, 1902.0, 0.15799765350019554, 0.9405633942645817, 0.30903965471543293, 0.18554925918579102, 1.3593621594565255, 43.287689447402954
0.17811959981918335, 0.005622232332825661, 3914.0, 58170.0, 0.09312617478407766, 0.9119739390669663, 0.06676250651646878, 0.47240617871284485, 0.011800838634371758, 214.0, 1852.0, 0.16990869392616118, 0.9384641203481967, 0.3103594168868777, 0.19084644317626953, 1.3457401139395577, 43.10382580757141
0.15495586395263672, 0.016836637631058693, 3405.0, 174199.0, 0.034121997414544684, 0.8740642115260285, 0.034545714048739525, 0.4525386393070221, 0.02471676655113697, 205.0, 3879.0, 0.09036808463742559, 0.8952054771590878, 0.19747840898322153, 0.1744983196258545, 1.3525175253550212, 44.73985934257507
0.2912988066673279, 0.02566046081483364, 6401.0, 265494.0, 0.04356362869169596, 0.8492629891818098, 0.049514573949093664, 0.5629138946533203, 0.03589315339922905, 255.0, 5633.0, 0.08042895442359249, 0.8888243419027668, 0.35814265981697, 0.1896045207977295, 1.3522560426167078, 44.33092641830444
0.22367343306541443, 0.01214670855551958, 4915.0, 125675.0, 0.06443197608872342, 0.930165456878375, 0.057035608703437775, 0.4746136963367462, 0.019530005753040314, 215.0, 3065.0, 0.11518885614787035, 0.9411086525444716, 0.267435551932273, 0.18507957458496094, 1.3346389021192278, 43.438231229782104

Namespace(compressed=True, dataset='OPTC', delta=1.0, encoder='GCN', fpweight=0.6, hidden=32, impl='STATIC', load=False, ngrus=1, nowrite=False, rnn='GRU', te_end=None, tests=5, threads=1, workers=8, zdim=16)

[0]:
, TPR, FPR, TP, FP, F1, AUC, AP, UW_TPR, UW_FPR, UW_TP, UW_FP, UW_F1, UW_AUC, UW_AP, FwdTime, TPE, tr_time
mean, 0.13345737904310226, 0.01737440824508667, 1147.6, 93657.2, 0.035741414742720176, 0.8738422433222727, 0.0135187099564718, 0.1487179532647133, 0.02892974838614464, 5.8, 2009.2, 0.007810080392684883, 0.8405452802178551, 0.0028100055917081755, 0.058079862594604494, 0.9783850022724698, 37.690944576263426
stderr, 0.033035297582913695, 0.005630433294667366, 284.070519413754, 30350.99755592887, 0.01594503673347574, 0.028459632335264263, 0.004116959247796303, 0.02205724417231144, 0.007045084897084846, 0.8602325267042626, 489.2881972825423, 0.0025239242485837646, 0.02880227862050182, 0.0006536959042243428, 0.0042498320647230406, 0.0040421172839799095, 0.2782610263062143

0.13082917034626007, 0.012849024496972561, 1125.0, 69263.0, 0.02848570017851039, 0.9131362006410209, 0.017076915230159456, 0.1794871836900711, 0.02515442483127117, 7.0, 1747.0, 0.007808142777467931, 0.8843798376202517, 0.0036998512020492767, 0.07236242294311523, 0.9734346866607666, 37.39982986450195
0.20490755140781403, 0.004867984913289547, 1762.0, 26241.0, 0.09627889186383257, 0.9441431978315986, 0.027147754597763838, 0.1538461595773697, 0.009546298533678055, 6.0, 663.0, 0.01694915254237288, 0.911848198453143, 0.004786155676791307, 0.049775123596191406, 0.9925214052200317, 38.36734318733215
0.20862890779972076, 0.018582787364721298, 1794.0, 100171.0, 0.032451792626894835, 0.8987462390188983, 0.01290973346109117, 0.20512820780277252, 0.03179219737648964, 8.0, 2208.0, 0.007095343680709534, 0.8604572343755366, 0.002687222223232294, 0.056551218032836914, 0.9801215784890311, 38.02361702919006
0.080125592648983, 0.012431254610419273, 689.0, 67011.0, 0.01806052503964665, 0.801714926187904, 0.0064096069743389125, 0.12820513546466827, 0.025140026584267616, 5.0, 1746.0, 0.005586592178770949, 0.7670964476338049, 0.0016277267163374903, 0.04968976974487305, 0.9773825236729213, 37.89673161506653
0.04279567301273346, 0.03814098984003067, 368.0, 205600.0, 0.0034301640047164753, 0.8114706529319425, 0.004049539519005624, 0.07692307978868484, 0.05301579460501671, 3.0, 3682.0, 0.001611170784103115, 0.7789446830065396, 0.0012490721401305078, 0.06202077865600586, 0.9684648173195975, 36.76720118522644

[1]:
, TPR, FPR, TP, FP, F1, AUC, AP, UW_TPR, UW_FPR, UW_TP, UW_FP, UW_F1, UW_AUC, UW_AP, FwdTime, TPE, tr_time
mean, 0.2419383555650711, 0.0005812615505419672, 1632.6, 2659.8, 0.29344843292421696, 0.9356060978753259, 0.2354532778779955, 0.6995918393135071, 0.002030227822251618, 171.4, 126.0, 0.6342406959204314, 0.9672443685346911, 0.5547122012140682, 0.05674285888671875, 0.9783850022724698, 37.690944576263426
stderr, 0.026456769481299693, 9.012006135948555e-05, 178.53027754417454, 412.3811828878714, 0.024248952057254622, 0.018066310516144702, 0.031033261814048953, 0.01767870664495973, 0.00031706032224323777, 4.331281565541542, 19.677398201998148, 0.016807155829919464, 0.007644554703757602, 0.021555801089596174, 0.0018057471206549848, 0.0040421172839799095, 0.2782610263062143

0.2282157689332962, 0.000510936719365418, 1540.0, 2338.0, 0.2898550724637681, 0.9447803109868609, 0.156908379659289, 0.6530612111091614, 0.0016274048248305917, 160.0, 101.0, 0.6324110671936758, 0.9703202656461379, 0.4828176844945316, 0.05366325378417969, 0.9734346866607666, 37.39982986450195
0.23695909976959229, 0.0004847124218940735, 1599.0, 2218.0, 0.30269758637008987, 0.9892017419540806, 0.33815278453673814, 0.6734693646430969, 0.0014018239453434944, 165.0, 87.0, 0.6639839034205232, 0.990438856732471, 0.569092877478103, 0.06299281120300293, 0.9925214052200317, 38.36734318733215
0.15515708923339844, 0.0004139068187214434, 1047.0, 1894.0, 0.21612137475487667, 0.8785466908742635, 0.20197835116271237, 0.6938775777816772, 0.001852985704317689, 170.0, 115.0, 0.6415094339622641, 0.9438376633241675, 0.5905836763148523, 0.05568885803222656, 0.9801215784890311, 38.02361702919006
0.27608180046081543, 0.0009276845376007259, 1863.0, 4245.0, 0.28982576228998136, 0.9449797671479082, 0.26638863622780934, 0.7265306115150452, 0.003222583793103695, 178.0, 200.0, 0.5714285714285714, 0.9717017018531172, 0.5309178735444865, 0.05826520919799805, 0.9773825236729213, 37.89673161506653
0.3132780194282532, 0.000569067255128175, 2114.0, 2604.0, 0.3687423687423687, 0.9205219784135159, 0.21383823780342875, 0.7510204315185547, 0.0020463408436626196, 184.0, 127.0, 0.6618705035971223, 0.9599233551175618, 0.6001488942383676, 0.05310416221618652, 0.9684648173195975, 36.76720118522644

[2]:
, TPR, FPR, TP, FP, F1, AUC, AP, UW_TPR, UW_FPR, UW_TP, UW_FP, UW_F1, UW_AUC, UW_AP, FwdTime, TPE, tr_time
mean, 0.1875508688390255, 0.030067113786935808, 1244.4, 11424.0, 0.12881717825863231, 0.6894300816362919, 0.09626399686292957, 0.23958333432674409, 0.03871513083577156, 23.0, 320.6, 0.11009260301342591, 0.7402940466127279, 0.08349560063035884, 0.03937678337097168, 0.9783850022724698, 37.690944576263426
stderr, 0.03658516810151395, 0.0031000570591558905, 242.74257970121351, 1177.8666732699419, 0.024082235224707194, 0.05387356555803824, 0.02778760851140385, 0.040745015984905694, 0.004900260582883123, 3.911521443121589, 40.57905863866238, 0.02392180687728108, 0.04474881214736012, 0.02361290839610994, 0.0013860691888826653, 0.0040421172839799095, 0.2782610263062143

0.15448379516601562, 0.026227135211229324, 1025.0, 9965.0, 0.11631205673758865, 0.696385765667616, 0.05102378665751904, 0.2083333283662796, 0.03610675036907196, 20.0, 299.0, 0.09638554216867468, 0.745528166888057, 0.05023498075354862, 0.03815960884094238, 0.9734346866607666, 37.39982986450195
0.2313489019870758, 0.02261350117623806, 1535.0, 8592.0, 0.18315236845245197, 0.8624910317692418, 0.15106808498327867, 0.3020833432674408, 0.022219538688659668, 29.0, 184.0, 0.18770226537216828, 0.8830266574085255, 0.14775831237017395, 0.039688825607299805, 0.9925214052200317, 38.36734318733215
0.06013564392924309, 0.03094617649912834, 399.0, 11758.0, 0.042464878671775216, 0.542321843204491, 0.026542133247138246, 0.09375, 0.04383528605103493, 9.0, 363.0, 0.03846153846153846, 0.6162079106790646, 0.025740157648946153, 0.03720498085021973, 0.9801215784890311, 38.02361702919006
0.2269781529903412, 0.029490722343325615, 1506.0, 11205.0, 0.1556910989351804, 0.7271350577302986, 0.16948362689963975, 0.28125, 0.03948798403143883, 27.0, 327.0, 0.12000000000000001, 0.7728881123455298, 0.13020290633441398, 0.0446162223815918, 0.9773825236729213, 37.89673161506653
0.2648078501224518, 0.04105803370475769, 1757.0, 15600.0, 0.1464654884961654, 0.6188167098098122, 0.08320235252707209, 0.3125, 0.05192609503865242, 30.0, 430.0, 0.1079136690647482, 0.6838193857424626, 0.06354164604471144, 0.03721427917480469, 0.9684648173195975, 36.76720118522644

[3]:
, TPR, FPR, TP, FP, F1, AUC, AP, UW_TPR, UW_FPR, UW_TP, UW_FP, UW_F1, UW_AUC, UW_AP, FwdTime, TPE, tr_time
mean, 0.14982942938804628, 0.0068189044483006, 3294.0, 70551.2, 0.07881120755366053, 0.8625987355568203, 0.04830004669576882, 0.5341389834880829, 0.013612614013254642, 176.8, 1766.4, 0.1715266686224298, 0.9049410468461178, 0.2429705774840351, 0.13638200759887695, 0.9783850022724698, 37.690944576263426
stderr, 0.008557936141126505, 0.0019437765319655033, 188.1462197334828, 20111.11444550003, 0.013783709114317257, 0.026248992563904134, 0.007917944793373436, 0.017704036482736506, 0.0028666217789432534, 5.860034129593444, 371.9785746518205, 0.026380337135897058, 0.016529904833189373, 0.01739445860790281, 0.01027781156135789, 0.0040421172839799095, 0.2782610263062143

0.1283147633075714, 0.00463677616789937, 2821.0, 47974.0, 0.07752129705963176, 0.8834407370057592, 0.03156149023606617, 0.48942598700523376, 0.011313019320368767, 162.0, 1468.0, 0.16522182559918408, 0.9132484286477344, 0.18660666195004122, 0.12751078605651855, 0.9734346866607666, 37.39982986450195
0.1505117118358612, 0.0027909190393984318, 3309.0, 28876.0, 0.12217094332656454, 0.9547322635216771, 0.06210669220852553, 0.5015105605125427, 0.005764399655163288, 166.0, 748.0, 0.26666666666666666, 0.9622342642544606, 0.23956573406616088, 0.12340116500854492, 0.9925214052200317, 38.36734318733215
0.1353195309638977, 0.0068825786001980305, 2975.0, 71210.0, 0.061869605906207756, 0.8182237975419244, 0.03911391431356918, 0.5317220687866211, 0.014834851957857609, 176.0, 1925.0, 0.14473684210526316, 0.8676864071527465, 0.28920874594265894, 0.17737412452697754, 0.9801215784890311, 38.02361702919006
0.17662042379379272, 0.005668051540851593, 3883.0, 58644.0, 0.09189227565316169, 0.844654792121613, 0.07204049572271523, 0.5709969997406006, 0.0127772381529212, 189.0, 1658.0, 0.17355371900826447, 0.9034876353459746, 0.23194046306606353, 0.12779760360717773, 0.9773825236729213, 37.89673161506653
0.15838071703910828, 0.014116196893155575, 3482.0, 146052.0, 0.04060191582273684, 0.8119420875931275, 0.036677640997967956, 0.5770393013954163, 0.02337356097996235, 191.0, 3033.0, 0.10745428973277074, 0.8780484988296724, 0.267531282395251, 0.12582635879516602, 0.9684648173195975, 36.76720118522644

Namespace(compressed=True, dataset='OPTC', delta=1.5, encoder='GCN', fpweight=0.6, hidden=32, impl='STATIC', load=False, ngrus=1, nowrite=False, rnn='GRU', te_end=None, tests=5, threads=1, workers=8, zdim=16)

[0]:
, TPR, FPR, TP, FP, F1, AUC, AP, UW_TPR, UW_FPR, UW_TP, UW_FP, UW_F1, UW_AUC, UW_AP, FwdTime, TPE, tr_time
mean, 0.13007789403200148, 0.006510906922630966, 1118.8, 35097.2, 0.05631999753739434, 0.9180585733975825, 0.03664757509814805, 0.15999999791383743, 0.014551296457648277, 4.0, 887.6, 0.011206318567956427, 0.8865779861634808, 0.004384541740816761, 0.04778985977172852, 0.8031089090165638, 32.55776200294495
stderr, 0.04623700246958083, 0.0035025841634437416, 397.6844729179151, 18880.76399248717, 0.02089825956278349, 0.015552797256320604, 0.015453321461205524, 0.04560701631129884, 0.006095445072684792, 1.1401754250991378, 371.8099783491562, 0.003791845949974699, 0.016329988939263174, 0.0011400003645162646, 0.002338629954747328, 0.0029238049079392636, 0.20782271924957188

0.0, 0.0023897490464150906, 0.0, 12882.0, 0.0, 0.9239555540212814, 0.018379233809058614, 0.0, 0.008000262081623077, 0.0, 488.0, 0.0, 0.8922485983146988, 0.0031096935234634655, 0.04581022262573242, 0.8103501115526471, 32.320520877838135
0.25136610865592957, 0.020309528335928917, 2162.0, 109479.0, 0.03596081236173716, 0.860911959437519, 0.01164669778608005, 0.23999999463558197, 0.03855863958597183, 6.0, 2352.0, 0.005035669324381033, 0.8256795304764092, 0.0017835258329452358, 0.04075145721435547, 0.8017874274935041, 32.29686975479126
0.05243576318025589, 0.001552353729493916, 451.0, 8368.0, 0.051779563719862226, 0.9536167397333937, 0.032695248572727514, 0.11999999731779099, 0.0051641035825014114, 3.0, 315.0, 0.017492711370262388, 0.9198413062723367, 0.0050968147427103375, 0.054151296615600586, 0.7929552793502808, 32.81812119483948
0.14719218015670776, 0.005213222466409206, 1266.0, 28102.0, 0.06668598066844005, 0.9172502349988185, 0.023606139837043183, 0.20000000298023224, 0.011770877987146378, 5.0, 718.0, 0.013368983957219251, 0.8864939834092922, 0.0035076783525039494, 0.051560401916503906, 0.8067640747342791, 32.10946202278137
0.19939541816711426, 0.0030896810349076986, 1715.0, 16655.0, 0.12717363093693226, 0.9345583787968996, 0.09691055548583088, 0.23999999463558197, 0.009262599050998688, 6.0, 565.0, 0.020134228187919462, 0.9086265123446671, 0.008424996252460817, 0.046675920486450195, 0.8036876519521078, 33.24383616447449

[1]:
, TPR, FPR, TP, FP, F1, AUC, AP, UW_TPR, UW_FPR, UW_TP, UW_FP, UW_F1, UW_AUC, UW_AP, FwdTime, TPE, tr_time
mean, 0.20791346132755278, 0.0015502493944950402, 1403.0, 7093.8, 0.21796816922148782, 0.9420943631770656, 0.17204978935834941, 0.7729729890823365, 0.003453999850898981, 171.6, 206.0, 0.620078985325424, 0.9771123574069535, 0.5716884603195836, 0.05012798309326172, 0.8031089090165638, 32.55776200294495
stderr, 0.03797422561885159, 0.0010235657394334374, 256.25007317072124, 4683.743571119153, 0.0471691074166068, 0.012554479654522449, 0.040636695130166385, 0.009076319670994029, 0.0017238634681604507, 2.014944167960988, 102.81293692916275, 0.06933287462547649, 0.003830405449501125, 0.10092186524124494, 0.0036187434449992313, 0.0029238049079392636, 0.20782271924957188

0.18286900222301483, 0.0005021953256800771, 1234.0, 2298.0, 0.2400778210116732, 0.9727336898264937, 0.18533606928038918, 0.7702702879905701, 0.0017437668284401298, 171.0, 104.0, 0.6881287726358148, 0.9843097612123952, 0.5964960205213755, 0.05765271186828613, 0.8103501115526471, 32.320520877838135
0.25266745686531067, 0.005643906071782112, 1705.0, 25826.0, 0.09947781440532104, 0.9082655704909179, 0.020920274089048497, 0.7837837934494019, 0.010345232672989368, 174.0, 617.0, 0.3435340572556762, 0.9640550117361372, 0.17571095745936915, 0.04583907127380371, 0.8017874274935041, 32.29686975479126
0.13174274563789368, 0.0004943280364386737, 889.0, 2262.0, 0.17961410243458933, 0.9674043112304769, 0.20171082674450247, 0.7522522807121277, 0.0015090290689840913, 167.0, 90.0, 0.697286012526096, 0.9843483932617247, 0.6911986752026943, 0.043495893478393555, 0.7929552793502808, 32.81812119483948
0.3331357538700104, 0.0005935432855039835, 2248.0, 2716.0, 0.38387978142076495, 0.9406229777571594, 0.26662973301043097, 0.8018018007278442, 0.0018108348594978452, 178.0, 108.0, 0.7007874015748032, 0.9794106282469992, 0.7105923271803913, 0.060106754302978516, 0.8067640747342791, 32.10946202278137
0.13915234804153442, 0.0005172742530703545, 939.0, 2367.0, 0.1867913268350905, 0.9214452665802805, 0.185652043667376, 0.7567567825317383, 0.0018611358245834708, 168.0, 111.0, 0.6706586826347305, 0.9734379925775107, 0.6844443212340883, 0.04354548454284668, 0.8036876519521078, 33.24383616447449

[2]:
, TPR, FPR, TP, FP, F1, AUC, AP, UW_TPR, UW_FPR, UW_TP, UW_FP, UW_F1, UW_AUC, UW_AP, FwdTime, TPE, tr_time
mean, 0.1509570449590683, 0.024024214036762713, 1001.6, 9128.0, 0.12479469965494956, 0.7646844061602124, 0.08192560634519196, 0.15128205716609955, 0.02946504019200802, 11.8, 244.0, 0.07225333009837762, 0.7634408702033385, 0.03399681654921687, 0.0340308666229248, 0.8031089090165638, 32.55776200294495
stderr, 0.037649984682936725, 0.006738287417681563, 249.80764599987725, 2560.212237295963, 0.036318312991442746, 0.01738601929212407, 0.021556459255517812, 0.038333120645010446, 0.005504250051483005, 2.9899832775452104, 45.58069766907918, 0.01996237352390603, 0.01712601915826445, 0.006294253104638251, 0.0010545260637234936, 0.0029238049079392636, 0.20782271924957188

0.13865862786769867, 0.021552836522459984, 920.0, 8189.0, 0.11686991869918699, 0.7923985187040734, 0.07257299970366529, 0.14102564752101898, 0.027653664350509644, 11.0, 229.0, 0.06918238993710692, 0.7978597902520134, 0.031059882026899983, 0.03753376007080078, 0.8103501115526471, 32.320520877838135
0.1823662370443344, 0.04956968128681183, 1210.0, 18834.0, 0.0907080475280183, 0.7222395914744266, 0.060623466916829225, 0.1794871836900711, 0.05108078569173813, 14.0, 423.0, 0.05436893203883495, 0.7259218662430834, 0.034453686813504726, 0.031034469604492188, 0.8017874274935041, 32.29686975479126
0.06435568630695343, 0.011783129535615444, 427.0, 4477.0, 0.07400987953895484, 0.8060054040744067, 0.06633183451807835, 0.06410256773233414, 0.021132713183760643, 5.0, 175.0, 0.03875968992248062, 0.7951907208035695, 0.025911530961116362, 0.03368115425109863, 0.7929552793502808, 32.81812119483948
0.2780708372592926, 0.014086063951253891, 1845.0, 5352.0, 0.2667727009832273, 0.7779871174498132, 0.1660405936622278, 0.28205129504203796, 0.023427123203873634, 22.0, 194.0, 0.14965986394557823, 0.7795726392514221, 0.05747747180460833, 0.0346071720123291, 0.8067640747342791, 32.10946202278137
0.09133383631706238, 0.023129358887672424, 606.0, 8788.0, 0.0756129515253603, 0.7247913990983426, 0.044059136925159184, 0.08974359184503555, 0.024030914530158043, 7.0, 199.0, 0.04929577464788732, 0.7186593344666041, 0.021081511139954958, 0.03329777717590332, 0.8036876519521078, 33.24383616447449

[3]:
, TPR, FPR, TP, FP, F1, AUC, AP, UW_TPR, UW_FPR, UW_TP, UW_FP, UW_F1, UW_AUC, UW_AP, FwdTime, TPE, tr_time
mean, 0.1289404258131981, 0.0031010369188152254, 2835.4, 32084.6, 0.11396149624435548, 0.902481499929826, 0.0692203406633434, 0.6298181891441346, 0.006929636746644974, 173.2, 811.8, 0.3343288190365416, 0.9365592598082163, 0.38106219504119665, 0.09717154502868652, 0.8031089090165638, 32.55776200294495
stderr, 0.029306427230496174, 0.00195959786498082, 644.4483377277033, 20274.803776115812, 0.017357767384402922, 0.014880375369975503, 0.015547070606158425, 0.011348716969754358, 0.0031201615615684387, 3.1208973068654466, 365.5237885555467, 0.051506438297199114, 0.007578956575988327, 0.07848386199554133, 0.001087289575972475, 0.0029238049079392636, 0.20782271924957188

0.06998635828495026, 0.0012212932342663407, 1539.0, 12636.0, 0.08510991289921195, 0.9297552354112644, 0.055513821060144436, 0.610909104347229, 0.0038754064589738846, 168.0, 454.0, 0.3745819397993311, 0.9511326135558522, 0.35398608546313404, 0.09939098358154297, 0.8103501115526471, 32.320520877838135
0.2311505228281021, 0.010926301591098309, 5083.0, 113048.0, 0.07255158041978005, 0.8543718930350904, 0.01832071194558448, 0.6690909266471863, 0.01935996115207672, 184.0, 2268.0, 0.13494682801613495, 0.9128759877669386, 0.08565647050514807, 0.09770512580871582, 0.8017874274935041, 32.29686975479126
0.07471577823162079, 0.0007134841871447861, 1643.0, 7382.0, 0.10594873448331452, 0.9352816785730951, 0.08275550382024623, 0.607272744178772, 0.002799853216856718, 167.0, 328.0, 0.43376623376623374, 0.9517375153165472, 0.490501543364968, 0.09313440322875977, 0.7929552793502808, 32.81812119483948
0.14570258557796478, 0.0012881762813776731, 3204.0, 13328.0, 0.1663465032968174, 0.9070515133333498, 0.1116120457636292, 0.6399999856948853, 0.004464400000870228, 176.0, 523.0, 0.3613963039014374, 0.9414856138918657, 0.5038030670745002, 0.09700417518615723, 0.8067640747342791, 32.10946202278137
0.12314688414335251, 0.0013559293001890182, 2708.0, 14029.0, 0.13985075012265344, 0.8859471792963297, 0.07789962072711269, 0.6218181848526001, 0.004148562904447317, 171.0, 486.0, 0.3669527896995708, 0.9255645685098774, 0.47136380879823286, 0.09862303733825684, 0.8036876519521078, 33.24383616447449

Namespace(compressed=True, dataset='OPTC', delta=2.0, encoder='GCN', fpweight=0.6, hidden=32, impl='STATIC', load=False, ngrus=1, nowrite=False, rnn='GRU', te_end=None, tests=5, threads=1, workers=8, zdim=16)

[0]:
, TPR, FPR, TP, FP, F1, AUC, AP, UW_TPR, UW_FPR, UW_TP, UW_FP, UW_F1, UW_AUC, UW_AP, FwdTime, TPE, tr_time
mean, 0.07728119120001793, 0.007142855972051621, 664.0, 38503.8, 0.0427793053686812, 0.8913220503795802, 0.02694651820666122, 0.09629629701375961, 0.012571030016988515, 2.6, 756.6, 0.010001901122178952, 0.8594017804066653, 0.003929028437219567, 0.04314541816711426, 0.6966244778462819, 32.56236114501953
stderr, 0.02204398791923195, 0.003313426052404699, 189.40195352741216, 17861.131597410058, 0.018621986611811903, 0.03575220840009391, 0.010955178437169675, 0.018885257598457186, 0.003994146303885175, 0.5099019513592785, 240.39168038848598, 0.003683384326619438, 0.036452997038476584, 0.0012849113035472521, 0.0024983596590798522, 0.0029173542807489996, 0.34694405448735854

0.04283054172992706, 0.0038703037425875664, 368.0, 20863.0, 0.02467893907386916, 0.9200193787104564, 0.018815748907224615, 0.1111111119389534, 0.010185092687606812, 3.0, 613.0, 0.00933125972006221, 0.8903747149269364, 0.003741109821110208, 0.04657888412475586, 0.6965480021068028, 32.72031378746033
0.1568901240825653, 0.01873154379427433, 1348.0, 100973.0, 0.024307339987197172, 0.8846316048565439, 0.020529599436051545, 0.14814814925193787, 0.02558734640479088, 4.0, 1540.0, 0.005092297899427116, 0.8420076774345209, 0.002202666009412854, 0.048247337341308594, 0.6867883886609759, 31.675440549850464
0.05225791409611702, 0.010183779522776604, 449.0, 54896.0, 0.014045075621314731, 0.7565649688040699, 0.005254164370235357, 0.03703703731298447, 0.017346227541565895, 1.0, 1044.0, 0.001865671641791045, 0.7258067890773171, 0.001019438965459508, 0.03668332099914551, 0.7025811225175858, 33.67610263824463
0.09334264695644379, 0.0008201415184885263, 802.0, 4421.0, 0.11610568222946074, 0.9571927987466271, 0.06920990162496371, 0.1111111119389534, 0.0037550260312855244, 3.0, 226.0, 0.023437499999999997, 0.9309203198479773, 0.008566241908120564, 0.03746604919433594, 0.6947192464556012, 31.994887113571167
0.04108472913503647, 0.002108511282131076, 353.0, 11366.0, 0.03475948993156418, 0.9382015007802038, 0.020923176694830882, 0.07407407462596893, 0.00598145741969347, 2.0, 360.0, 0.010282776349614395, 0.9078994007465745, 0.004115685481994701, 0.04675149917602539, 0.7024856294904437, 32.74506163597107

[1]:
, TPR, FPR, TP, FP, F1, AUC, AP, UW_TPR, UW_FPR, UW_TP, UW_FP, UW_F1, UW_AUC, UW_AP, FwdTime, TPE, tr_time
mean, 0.15990523993968964, 0.00240354748966638, 1080.0, 10998.4, 0.17250972451354346, 0.9105912310808162, 0.2003078293798572, 0.7366972446441651, 0.004299503401853144, 160.6, 229.4, 0.5669711229080868, 0.9691183168993561, 0.5484041146849392, 0.04662046432495117, 0.6966244778462819, 32.56236114501953
stderr, 0.03517748093055287, 0.0012554630221053352, 237.5887202709758, 5744.876922963625, 0.05961580347048531, 0.035411473550322675, 0.06327465385251442, 0.028224986532205853, 0.001508635224759731, 6.153048025166064, 80.49322952894858, 0.07803834599003664, 0.010073346273642689, 0.05733435121619402, 0.0033986490206727054, 0.0029173542807489996, 0.34694405448735854

0.14717204868793488, 9.134809079114348e-05, 994.0, 418.0, 0.24344844477100172, 0.9458707312223135, 0.23319824835645148, 0.7614678740501404, 0.0019866928923875093, 166.0, 106.0, 0.6775510204081633, 0.9775571965173553, 0.6101675340091909, 0.048337697982788086, 0.6965480021068028, 32.72031378746033
0.10482677072286606, 0.005657899659126997, 708.0, 25890.0, 0.04245622451427201, 0.8648553313780932, 0.07508245466743073, 0.747706413269043, 0.007721863221377134, 163.0, 412.0, 0.4110970996216898, 0.956253379862596, 0.4251998023387547, 0.04699230194091797, 0.6867883886609759, 31.675440549850464
0.13858453929424286, 0.005282236263155937, 936.0, 24171.0, 0.05875521797809234, 0.7958079504760278, 0.07890634607591049, 0.6284403800964355, 0.008246649987995625, 137.0, 440.0, 0.34465408805031444, 0.9369911936578518, 0.39677406283901334, 0.0397489070892334, 0.7025811225175858, 33.67610263824463
0.11193367093801498, 0.00047881260979920626, 756.0, 2191.0, 0.15586022059581486, 0.9541671314740896, 0.19375094269374424, 0.752293586730957, 0.0015556180151179433, 164.0, 83.0, 0.7053763440860217, 0.9805939788795665, 0.6319260297658748, 0.058211565017700195, 0.6947192464556012, 31.994887113571167
0.2970091700553894, 0.000507440825458616, 2006.0, 2322.0, 0.3620285147085363, 0.9922550108535559, 0.420601155105749, 0.7935779690742493, 0.0019866928923875093, 173.0, 106.0, 0.6961770623742455, 0.9941958355794106, 0.6779531444718622, 0.03981184959411621, 0.7024856294904437, 32.74506163597107

[2]:
, TPR, FPR, TP, FP, F1, AUC, AP, UW_TPR, UW_FPR, UW_TP, UW_FP, UW_F1, UW_AUC, UW_AP, FwdTime, TPE, tr_time
mean, 0.16485305428504943, 0.031240953132510185, 1093.8, 11870.0, 0.11139079420174695, 0.7766290613933753, 0.07452251578102263, 0.3000000029802322, 0.04530491530895233, 18.0, 382.6, 0.08036232039313022, 0.8275683836589698, 0.06558083101362484, 0.029339361190795898, 0.6966244778462819, 32.56236114501953
stderr, 0.05415458253618942, 0.0024400376168844436, 359.31565510008045, 927.0922284217467, 0.03802362908472323, 0.043835515282353195, 0.029689271822422616, 0.03689323784278868, 0.003979918965459346, 2.2135943621178655, 33.610415052480384, 0.012554698337663933, 0.03193152595288047, 0.01993817903002683, 0.0015081598782487615, 0.0029173542807489996, 0.34694405448735854

0.17528259754180908, 0.03481774032115936, 1163.0, 13229.0, 0.11061967945974224, 0.7651617548138498, 0.0476065601288299, 0.30000001192092896, 0.046891652047634125, 18.0, 396.0, 0.07594936708860758, 0.8221432800473653, 0.036980079499971154, 0.024674177169799805, 0.6965480021068028, 32.72031378746033
0.048078373074531555, 0.03590209409594536, 319.0, 13641.0, 0.030978392813789755, 0.7212420013619767, 0.03488568642363306, 0.20000000298023224, 0.05198342353105545, 12.0, 439.0, 0.046966731898238745, 0.7905743043220841, 0.06141708353549532, 0.03129982948303223, 0.6867883886609759, 31.675440549850464
0.2113036960363388, 0.034920383244752884, 1402.0, 13268.0, 0.13161229758272705, 0.6793822310138178, 0.049637632953173166, 0.3333333432674408, 0.05529899522662163, 20.0, 467.0, 0.07312614259597806, 0.7500236826524572, 0.0475420330289192, 0.027868032455444336, 0.7025811225175858, 33.67610263824463
0.051695555448532104, 0.025227002799510956, 343.0, 9585.0, 0.04141761758135604, 0.7802249754632966, 0.047667837404940946, 0.25, 0.034931913018226624, 15.0, 295.0, 0.08108108108108107, 0.833765541740675, 0.03854492542138723, 0.02930617332458496, 0.6947192464556012, 31.994887113571167
0.33790504932403564, 0.025337545201182365, 2242.0, 9627.0, 0.24232598357111976, 0.9371343443139357, 0.19281486199453612, 0.4166666567325592, 0.03741859272122383, 25.0, 316.0, 0.12468827930174566, 0.9413351095322675, 0.1434200335823513, 0.033548593521118164, 0.7024856294904437, 32.74506163597107

[3]:
, TPR, FPR, TP, FP, F1, AUC, AP, UW_TPR, UW_FPR, UW_TP, UW_FP, UW_F1, UW_AUC, UW_AP, FwdTime, TPE, tr_time
mean, 0.10896859019994735, 0.003986952360719442, 2397.2, 41250.6, 0.09709113790942073, 0.8796280803516581, 0.07187412540410751, 0.6284615397453308, 0.00852895355783403, 163.4, 903.6, 0.28855461821480316, 0.9365126934512464, 0.32638873996938844, 0.08793368339538574, 0.6966244778462819, 32.56236114501953
stderr, 0.013261458614712396, 0.00178031696355859, 291.73882155105787, 18419.869558712948, 0.026869888453124942, 0.0346446835086738, 0.019556478248760112, 0.023976069400577713, 0.002479050697098426, 6.2337789502034795, 262.6430277010985, 0.055552591885448734, 0.014771012194038749, 0.04175175241442988, 0.0013972580124597654, 0.0029173542807489996, 0.34694405448735854

0.105913907289505, 0.001514923176728189, 2330.0, 15674.0, 0.11649126315526336, 0.9040380300768075, 0.06591077885835125, 0.6538461446762085, 0.005795459728688002, 170.0, 614.0, 0.32567049808429116, 0.9452762863169206, 0.38755644047837434, 0.0891122817993164, 0.6965480021068028, 32.72031378746033
0.1094595193862915, 0.009558784775435925, 2408.0, 98899.0, 0.03905730459182846, 0.8403751170434477, 0.03777601449065952, 0.642307698726654, 0.015762895345687866, 167.0, 1670.0, 0.1592751549833095, 0.9158040093372104, 0.2374083215959061, 0.08399009704589844, 0.6867883886609759, 31.675440549850464
0.10345924645662308, 0.006871762685477734, 2276.0, 71098.0, 0.047728392731695546, 0.7687716053310767, 0.027307792305773973, 0.5346153974533081, 0.013138893060386181, 139.0, 1392.0, 0.15522054718034617, 0.8933117510174002, 0.21405607036711213, 0.0905919075012207, 0.7025811225175858, 33.67610263824463
0.07150325179100037, 0.0009477693820372224, 1573.0, 9806.0, 0.09425370004194379, 0.9135028150532557, 0.0931667856235715, 0.642307698726654, 0.003549011191353202, 167.0, 376.0, 0.41594022415940224, 0.9487373891387767, 0.4160341274361368, 0.090728759765625, 0.6947192464556012, 31.994887113571167
0.15450702607631683, 0.0010415217839181423, 3399.0, 10776.0, 0.18792502902637254, 0.9714528342537027, 0.13520925574218134, 0.6692307591438293, 0.004398508463054895, 174.0, 466.0, 0.38666666666666666, 0.9794340314459244, 0.37688873996941297, 0.08524537086486816, 0.7024856294904437, 32.74506163597107

Namespace(compressed=True, dataset='OPTC', delta=2.5, encoder='GCN', fpweight=0.6, hidden=32, impl='STATIC', load=False, ngrus=1, nowrite=False, rnn='GRU', te_end=None, tests=5, threads=1, workers=8, zdim=16)

[0]:
, TPR, FPR, TP, FP, F1, AUC, AP, UW_TPR, UW_FPR, UW_TP, UW_FP, UW_F1, UW_AUC, UW_AP, FwdTime, TPE, tr_time
mean, 0.2106914609670639, 0.0063352907076478, 1813.0, 34177.0, 0.08912575850079674, 0.9367510206744971, 0.09115286652475807, 0.23636364042758942, 0.011424106545746326, 5.2, 555.6, 0.01931696555048597, 0.9004517976574562, 0.00949870357307727, 0.03624081611633301, 0.6279787778854371, 29.634707975387574
stderr, 0.024786283272416814, 0.00106348508668194, 213.28595828136457, 5737.184352973155, 0.019170275692139964, 0.008612625981677804, 0.022876633773485387, 0.026504325284666667, 0.0014426905043786631, 0.58309518948453, 70.16380833449678, 0.004049072752309939, 0.011176884709671374, 0.0018143859973197376, 0.0017976793923461425, 0.004422820001790932, 0.1574576301539891

0.20255665481090546, 0.009455760009586811, 1743.0, 51011.0, 0.0568131814403755, 0.9384780993572707, 0.08725877341943764, 0.27272728085517883, 0.016017600893974304, 6.0, 779.0, 0.01486988847583643, 0.8995222197714282, 0.007640496940270837, 0.03474783897399902, 0.6409778424671718, 30.234782695770264
0.1990703046321869, 0.007758724503219128, 1713.0, 41856.0, 0.06566489055851574, 0.9405989340485045, 0.03205605290546834, 0.1818181872367859, 0.011370645835995674, 4.0, 553.0, 0.01381692573402418, 0.8998512077222445, 0.005048585918901184, 0.04116487503051758, 0.6233094419751849, 29.597826719284058
0.3001743257045746, 0.004164827521890402, 2583.0, 22468.0, 0.15349417637271215, 0.9360161927620864, 0.17328768231533723, 0.3181818127632141, 0.0077929021790623665, 7.0, 379.0, 0.034313725490196074, 0.906466949795691, 0.01588896870768312, 0.033505916595458984, 0.6323687859943935, 29.314178228378296
0.20453225076198578, 0.003858415875583887, 1760.0, 20815.0, 0.11289288005131497, 0.9612892742460606, 0.08544339325011374, 0.22727273404598236, 0.00910885352641344, 5.0, 443.0, 0.021276595744680854, 0.9332163806091511, 0.010391704850488279, 0.03979372978210449, 0.6145379373005458, 29.480014085769653
0.1471237689256668, 0.006438725627958775, 1266.0, 34735.0, 0.056763664081065326, 0.9073726029585637, 0.0777184307334334, 0.1818181872367859, 0.012830530293285847, 4.0, 624.0, 0.01230769230769231, 0.8632022303887665, 0.008523761448042936, 0.03199172019958496, 0.6286998816898891, 29.546738147735596

[1]:
, TPR, FPR, TP, FP, F1, AUC, AP, UW_TPR, UW_FPR, UW_TP, UW_FP, UW_F1, UW_AUC, UW_AP, FwdTime, TPE, tr_time
mean, 0.22459259182214736, 0.0004805604607099667, 1516.0, 2199.0, 0.2835254266728882, 0.9353805488131156, 0.17929911009886074, 0.7671361327171325, 0.002020478853955865, 163.4, 103.2, 0.681793066339474, 0.9759215879624256, 0.619488271282212, 0.04588894844055176, 0.6279787778854371, 29.634707975387574
stderr, 0.033010850548513236, 7.804403401240353e-05, 222.82324833822884, 357.1222479767958, 0.03168065642442836, 0.015561243537162026, 0.020303680666325402, 0.018931310777903037, 0.00017504782345784695, 4.03236903073119, 8.940917178902845, 0.01358687880849757, 0.004105461534957396, 0.01584042015716904, 0.0028071923501793977, 0.004422820001790932, 0.1574576301539891

0.2388148158788681, 0.0005253603449091315, 1612.0, 2404.0, 0.299461266951514, 0.9006038458969263, 0.1085590956013349, 0.6948356628417969, 0.001820780336856842, 148.0, 93.0, 0.6519823788546256, 0.964866907654199, 0.5781738051197685, 0.04220080375671387, 0.6409778424671718, 30.234782695770264
0.30266666412353516, 0.0005273271235637367, 2043.0, 2413.0, 0.3646260931643762, 0.9679713206098327, 0.2294354149463004, 0.7934272289276123, 0.0020165632013231516, 169.0, 103.0, 0.6969072164948454, 0.984380481976903, 0.6035574221657009, 0.05436515808105469, 0.6233094419751849, 29.597826719284058
0.10533333569765091, 0.00019733792578335851, 711.0, 903.0, 0.17001434720229555, 0.9418696346044783, 0.17600266072619508, 0.7652581930160522, 0.0020752979908138514, 163.0, 106.0, 0.6763485477178424, 0.9798268305396594, 0.6725157176062724, 0.04157710075378418, 0.6323687859943935, 29.314178228378296
0.21674074232578278, 0.0004788121732417494, 1463.0, 2191.0, 0.28123798539023454, 0.9687261666618467, 0.20592084387984427, 0.7840375304222107, 0.0015662626828998327, 167.0, 80.0, 0.7260869565217392, 0.9832427355145748, 0.6107138268187975, 0.05082058906555176, 0.6145379373005458, 29.480014085769653
0.2594074010848999, 0.0006739647360518575, 1751.0, 3084.0, 0.3022874406560207, 0.8977317762924945, 0.17657753534062914, 0.7981220483779907, 0.002623490057885647, 170.0, 134.0, 0.6576402321083172, 0.9672909841267915, 0.6324805847005205, 0.0404810905456543, 0.6286998816898891, 29.546738147735596

[2]:
, TPR, FPR, TP, FP, F1, AUC, AP, UW_TPR, UW_FPR, UW_TP, UW_FP, UW_F1, UW_AUC, UW_AP, FwdTime, TPE, tr_time
mean, 0.11294649690389633, 0.021891827695071697, 749.4, 8317.8, 0.09038580699644452, 0.6203355922868129, 0.05194606028730244, 0.10833333283662797, 0.02974148318171501, 5.2, 246.2, 0.03343057338847475, 0.6299405552871065, 0.012023156011106586, 0.032340717315673825, 0.6279787778854371, 29.634707975387574
stderr, 0.03206565763917737, 0.004882593555030887, 212.75563447297935, 1855.1414339613032, 0.02483610501082833, 0.018539889344607423, 0.009752043822667113, 0.03047653926349328, 0.002439903911302228, 1.4628738838327793, 20.19752460080195, 0.009105585607948179, 0.020235569659449813, 0.0017393699961239682, 0.0017756814327385144, 0.004422820001790932, 0.1574576301539891

0.12057272344827652, 0.022710882127285004, 800.0, 8629.0, 0.09960159362549802, 0.5736554627373828, 0.04216190710180152, 0.125, 0.031650155782699585, 6.0, 262.0, 0.03797468354430379, 0.5910822863815737, 0.010460537243382924, 0.036711931228637695, 0.6409778424671718, 30.234782695770264
0.19382065534591675, 0.02457691729068756, 1286.0, 9338.0, 0.14902369778086796, 0.6717695109805528, 0.07351223033696835, 0.1875, 0.03249577060341835, 9.0, 269.0, 0.055214723926380375, 0.6872042864621084, 0.01735606217017034, 0.03319692611694336, 0.6233094419751849, 29.597826719284058
0.0, 0.011751546524465084, 0.0, 4465.0, 0.0, 0.6131590737011463, 0.022771219941328073, 0.0, 0.024522831663489342, 0.0, 203.0, 0.0, 0.5962239268744464, 0.0068205910063589776, 0.03056478500366211, 0.6323687859943935, 29.314178228378296
0.10384325683116913, 0.012093696743249893, 689.0, 4595.0, 0.11561372598372348, 0.6531351686003979, 0.07365768172048943, 0.1041666641831398, 0.023677216842770576, 5.0, 196.0, 0.040160642570281124, 0.6703561649351695, 0.013615109279938274, 0.0347447395324707, 0.6145379373005458, 29.480014085769653
0.14649584889411926, 0.038326095789670944, 972.0, 14562.0, 0.08769001759213316, 0.5899587454145843, 0.04762726233592484, 0.125, 0.036361441016197205, 6.0, 301.0, 0.03380281690140845, 0.6048361117822341, 0.011863480355682418, 0.026485204696655273, 0.6286998816898891, 29.546738147735596

[3]:
, TPR, FPR, TP, FP, F1, AUC, AP, UW_TPR, UW_FPR, UW_TP, UW_FP, UW_F1, UW_AUC, UW_AP, FwdTime, TPE, tr_time
mean, 0.18913833796977997, 0.0021728146355599167, 4161.8, 22480.8, 0.18210221735634255, 0.890539831690669, 0.1114985398881955, 0.6837398290634156, 0.00623293211683631, 168.2, 609.4, 0.3368703112003254, 0.9369811721150626, 0.3754248248654035, 0.07807741165161133, 0.6279787778854371, 29.634707975387574
stderr, 0.009881670050616635, 0.0006549380776220157, 217.436289519482, 6776.248271720864, 0.020436839884845213, 0.014623401388113683, 0.009613349282450535, 0.015553758363486148, 0.0007898003016535112, 3.8262252939417984, 77.21955710828702, 0.028614551673499473, 0.005946154449543785, 0.029795814868767454, 0.0036028022698466684, 0.004422820001790932, 0.1574576301539891

0.20809853076934814, 0.002981618046760559, 4579.0, 30849.0, 0.15945814180247947, 0.8608204778056703, 0.096560725024382, 0.6219512224197388, 0.007742582354694605, 153.0, 757.0, 0.26470588235294124, 0.9231191302922633, 0.30839366201913215, 0.07319498062133789, 0.6409778424671718, 30.234782695770264
0.21600617468357086, 0.0017797502223402262, 4753.0, 18414.0, 0.2104447543778088, 0.9193126792582491, 0.11181159657080614, 0.7032520174980164, 0.006157245021313429, 173.0, 602.0, 0.33888344760039174, 0.949032116943583, 0.3312653986937614, 0.07356381416320801, 0.6233094419751849, 29.597826719284058
0.1634702831506729, 0.000971062749158591, 3597.0, 10047.0, 0.20180655296229805, 0.8896240023408885, 0.13929234058341142, 0.6951219439506531, 0.00483783520758152, 171.0, 473.0, 0.3842696629213483, 0.9379907404335317, 0.48161285520322994, 0.07013535499572754, 0.6323687859943935, 29.314178228378296
0.17687693238258362, 0.0008313039434142411, 3892.0, 8601.0, 0.2256428095196684, 0.9272703551064722, 0.12448295030466594, 0.6951219439506531, 0.004183244425803423, 171.0, 409.0, 0.41404358353510895, 0.9509542083280218, 0.37444980028862557, 0.08574342727661133, 0.6145379373005458, 29.480014085769653
0.1812397688627243, 0.004300338216125965, 3988.0, 44493.0, 0.11315882811945804, 0.8556716439420645, 0.08534508695771194, 0.7032520174980164, 0.00824375357478857, 173.0, 806.0, 0.28244897959183674, 0.9238096645779132, 0.38140240812226844, 0.08774948120117188, 0.6286998816898891, 29.546738147735596

Namespace(compressed=True, dataset='OPTC', delta=3.0, encoder='GCN', fpweight=0.6, hidden=32, impl='STATIC', load=False, ngrus=1, nowrite=False, rnn='GRU', te_end=None, tests=5, threads=1, workers=8, zdim=16)

[0]:
, TPR, FPR, TP, FP, F1, AUC, AP, UW_TPR, UW_FPR, UW_TP, UW_FP, UW_F1, UW_AUC, UW_AP, FwdTime, TPE, tr_time
mean, 0.20715862661600112, 0.04939015209674835, 1782.6, 266238.6, 0.01870900850199029, 0.8349924270349355, 0.010589651678656244, 0.2416666716337204, 0.05786375794559717, 5.8, 2880.4, 0.005963232581750957, 0.81278308456712, 0.002584986576062838, 0.03975090980529785, 0.5690684013366699, 32.415351676940915
stderr, 0.06867958903035241, 0.018620484498688396, 590.98786789578, 100374.09224227136, 0.005761945220046647, 0.016693860850491668, 0.0030926192991259835, 0.05651941744148407, 0.020274287610310922, 1.3564659966250536, 1009.2337489402541, 0.0016812048074826562, 0.010462667575825493, 0.0005163599237063353, 0.0013122564736145822, 0.006409785138146104, 1.3948962453395317

0.0949447974562645, 0.028091352432966232, 817.0, 151427.0, 0.010158595950239045, 0.8071751391276475, 0.007427965317629729, 0.1666666716337204, 0.03145904839038849, 4.0, 1566.0, 0.005018820577164366, 0.7969274191928324, 0.00290641401264037, 0.04054856300354004, 0.5721294028418404, 30.811287879943848
0.1991865187883377, 0.023878401145339012, 1714.0, 128717.0, 0.02465548491038292, 0.8212804389851375, 0.012954865363690043, 0.25, 0.030715763568878174, 6.0, 1529.0, 0.007697241821680565, 0.79520145710708, 0.0034832632436194158, 0.041930198669433594, 0.5731526783534459, 30.60769248008728
0.47077280282974243, 0.09926611930131912, 4051.0, 535096.0, 0.014791365435452541, 0.8141330130240955, 0.005846437412967457, 0.4583333432674408, 0.10255328565835953, 11.0, 5105.0, 0.004280155642023346, 0.8134211548377159, 0.0015413812232878917, 0.036602020263671875, 0.5883348669324603, 31.863411903381348
0.10459035634994507, 0.007006188854575157, 900.0, 37767.0, 0.03807750888475207, 0.8995828062766078, 0.02166170084705128, 0.1666666716337204, 0.013559934683144093, 4.0, 675.0, 0.011379800853485065, 0.8525336152460542, 0.003784904073071225, 0.04292917251586914, 0.5620135068893433, 30.867727756500244
0.16629865765571594, 0.08870869874954224, 1431.0, 478186.0, 0.005862087329124866, 0.832790737761189, 0.00505728945194271, 0.1666666716337204, 0.11103075742721558, 4.0, 5527.0, 0.0014401440144014403, 0.8058317764519175, 0.0012089703276952901, 0.03674459457397461, 0.5497115516662597, 37.92663836479187

[1]:
, TPR, FPR, TP, FP, F1, AUC, AP, UW_TPR, UW_FPR, UW_TP, UW_FP, UW_F1, UW_AUC, UW_AP, FwdTime, TPE, tr_time
mean, 0.2104733720421791, 0.040779064560774715, 1422.8, 186600.8, 0.10070383512143469, 0.8501989284008754, 0.12693635804673317, 0.7596153974533081, 0.042814681446179746, 158.0, 1944.6, 0.3219719929576232, 0.9317869660613061, 0.3502114896995973, 0.04714202880859375, 0.5690684013366699, 32.415351676940915
stderr, 0.04349621510740339, 0.022618277471241843, 294.03441975387847, 103498.90832873552, 0.0747700645759368, 0.0378464052785749, 0.06844343244745749, 0.028074615804400637, 0.02342412888502038, 5.8395205282625735, 1063.9004934673164, 0.12293963130607079, 0.02249038138233924, 0.13942834956555641, 0.003036725595938869, 0.006409785138146104, 1.3948962453395317

0.30103549361228943, 0.014570913277566433, 2035.0, 66675.0, 0.05392871339605141, 0.9136921271954759, 0.16249368951435356, 0.6778846383094788, 0.009885730221867561, 141.0, 449.0, 0.3533834586466166, 0.966925481880677, 0.4260243223519686, 0.0471799373626709, 0.5721294028418404, 30.811287879943848
0.16346153616905212, 0.00966477207839489, 1105.0, 44225.0, 0.042426569399116904, 0.8080283458582679, 0.0920583417380139, 0.7980769276618958, 0.011052642948925495, 166.0, 502.0, 0.3789954337899543, 0.949931048002615, 0.6340191296929821, 0.051436424255371094, 0.5731526783534459, 30.60769248008728
0.14186391234397888, 0.05651001259684563, 959.0, 258584.0, 0.007202322166855049, 0.7788184894509376, 0.0036295465155177856, 0.7067307829856873, 0.067174531519413, 147.0, 3051.0, 0.08631826189078097, 0.9007596680989148, 0.028724061347915924, 0.05530071258544922, 0.5883348669324603, 31.863411903381348
0.32884615659713745, 0.00048318394692614675, 2223.0, 2211.0, 0.39717705913882434, 0.966027629545128, 0.3732986780428321, 0.817307710647583, 0.0018494462128728628, 170.0, 84.0, 0.735930735930736, 0.981248422805095, 0.6461288560424037, 0.044168710708618164, 0.5620135068893433, 30.867727756500244
0.11715976148843765, 0.12266644090414047, 792.0, 561309.0, 0.002784511506325799, 0.7844280499545682, 0.003201534422948561, 0.7980769276618958, 0.12411105632781982, 166.0, 5637.0, 0.05523207453002828, 0.8600702095192286, 0.016161079062716462, 0.037624359130859375, 0.5497115516662597, 37.92663836479187

[2]:
, TPR, FPR, TP, FP, F1, AUC, AP, UW_TPR, UW_FPR, UW_TP, UW_FP, UW_F1, UW_AUC, UW_AP, FwdTime, TPE, tr_time
mean, 0.1752223089337349, 0.10171969905495644, 1162.6, 38648.4, 0.06714967869684466, 0.6668947262624192, 0.06795364554218183, 0.1761904813349247, 0.11437545418739319, 7.4, 946.8, 0.020509128578666026, 0.6853147758257687, 0.01605703394659854, 0.026648759841918945, 0.5690684013366699, 32.415351676940915
stderr, 0.06618404749596009, 0.018601497692769413, 439.13114214320984, 7067.639383839557, 0.03078346859377336, 0.03347118006494674, 0.03057969824403243, 0.06717493547803045, 0.019997128015414967, 2.8213471959331766, 165.5362196016328, 0.00915521955817413, 0.031878397965587765, 0.006527701203357578, 0.0012932043927316762, 0.006409785138146104, 1.3948962453395317

0.30791258811950684, 0.07751020044088364, 2043.0, 29450.0, 0.10716533780948385, 0.7352038063152917, 0.0937752714503274, 0.3095238208770752, 0.09627929329872131, 13.0, 797.0, 0.030516431924882632, 0.7593132686754334, 0.019906043534197945, 0.026664257049560547, 0.5721294028418404, 30.811287879943848
0.1823662370443344, 0.10013159364461899, 1210.0, 38045.0, 0.05273480061015472, 0.5719418092631671, 0.021838371505795016, 0.190476194024086, 0.0951920747756958, 8.0, 788.0, 0.01909307875894988, 0.6138085458875504, 0.006902257523234569, 0.02642226219177246, 0.5731526783534459, 30.60769248008728
0.0539562925696373, 0.14975127577781677, 358.0, 56898.0, 0.011206586217151085, 0.6018701949141962, 0.020405010995229865, 0.0476190485060215, 0.14556656777858734, 2.0, 1205.0, 0.0032025620496397116, 0.6224329548200048, 0.00626163783842809, 0.02678060531616211, 0.5883348669324603, 31.863411903381348
0.3318764269351959, 0.04714304581284523, 2202.0, 17912.0, 0.16464166884743356, 0.724863087030152, 0.1771968411645639, 0.3333333432674408, 0.06124667823314667, 14.0, 507.0, 0.049733570159857896, 0.7599963759362165, 0.04009428439373365, 0.022603273391723633, 0.5620135068893433, 30.867727756500244
0.0, 0.13406237959861755, 0.0, 50937.0, 0.0, 0.7005947337892892, 0.026552732594993043, 0.0, 0.17359265685081482, 0.0, 1437.0, 0.0, 0.6710227338096388, 0.007120946443398456, 0.030773401260375977, 0.5497115516662597, 37.92663836479187

[3]:
, TPR, FPR, TP, FP, F1, AUC, AP, UW_TPR, UW_FPR, UW_TP, UW_FP, UW_F1, UW_AUC, UW_AP, FwdTime, TPE, tr_time
mean, 0.1728936716914177, 0.04504999332129955, 3806.6, 466104.4, 0.04673427918524574, 0.8071942051091019, 0.036797879699808494, 0.6683127522468567, 0.05287702474743128, 162.4, 5057.0, 0.11663979163094784, 0.8924442650968762, 0.1675453504272977, 0.06428918838500977, 0.5690684013366699, 32.415351676940915
stderr, 0.02292641581174616, 0.02025204533267399, 504.77089852724276, 209535.3798046048, 0.026227497477578285, 0.028072873415214986, 0.021261843469569285, 0.02148605424710835, 0.022157740137370464, 5.221110992882645, 2119.0997852861956, 0.044424133302750995, 0.019800756073100056, 0.07600118958556579, 0.004280980930784659, 0.006409785138146104, 1.3948962453395317

0.19094336032867432, 0.01871378906071186, 4204.0, 193620.0, 0.038245823117616824, 0.8400079013664984, 0.03167936326225215, 0.596707820892334, 0.021696623414754868, 145.0, 2075.0, 0.11774259033698742, 0.9227850413973172, 0.1250948367104648, 0.06825113296508789, 0.5721294028418404, 30.811287879943848
0.1393468677997589, 0.01654559187591076, 3068.0, 171187.0, 0.03126273742561343, 0.7652035855723094, 0.024034662448516087, 0.6995884776115417, 0.023400984704494476, 170.0, 2238.0, 0.12825348924933988, 0.9004543113145896, 0.35391435340214006, 0.05973625183105469, 0.5731526783534459, 30.60769248008728
0.22705182433128357, 0.0812525674700737, 4999.0, 840670.0, 0.011522601494088874, 0.7566260510546963, 0.004768755723569476, 0.6419752836227417, 0.08849085867404938, 156.0, 8463.0, 0.035206499661475966, 0.8622238685365113, 0.012074401001559626, 0.054557085037231445, 0.5883348669324603, 31.863411903381348
0.20543216168880463, 0.003317585214972496, 4523.0, 34325.0, 0.14862400394315287, 0.9025644471987041, 0.1191153569190971, 0.7119341492652893, 0.008845948614180088, 173.0, 846.0, 0.27416798732171155, 0.9427405780026162, 0.3387758327993075, 0.059908390045166016, 0.5620135068893433, 30.867727756500244
0.10169414430856705, 0.10542043298482895, 2239.0, 1090720.0, 0.00401622994575668, 0.7715690403533015, 0.004391260145607667, 0.6913580298423767, 0.12195070832967758, 168.0, 11663.0, 0.027828391585224446, 0.8340175262333469, 0.007867328223016518, 0.07899308204650879, 0.5497115516662597, 37.92663836479187

Namespace(compressed=True, dataset='OPTC', delta=4.0, encoder='GCN', fpweight=0.6, hidden=32, impl='STATIC', load=False, ngrus=1, nowrite=False, rnn='GRU', te_end=None, tests=5, threads=1, workers=8, zdim=16)

[0]:
, TPR, FPR, TP, FP, F1, AUC, AP, UW_TPR, UW_FPR, UW_TP, UW_FP, UW_F1, UW_AUC, UW_AP, FwdTime, TPE, tr_time
mean, 0.21589034646749497, 0.04689810816198588, 1858.6, 252805.0, 0.024803708601985643, 0.7890556760993572, 0.03664959572821545, 0.24545455276966094, 0.056490571424365046, 5.4, 2387.8, 0.007045441382024918, 0.771844184110857, 0.00446556396183679, 0.04320921897888184, 0.47572320733751566, 28.900973796844482
stderr, 0.02912906509631503, 0.015362255316915475, 250.77212763782185, 82810.48002698692, 0.009785427980875564, 0.05575467617217838, 0.021431380667639187, 0.02727272808551788, 0.017071049638381595, 0.6, 721.5762191203365, 0.002431640899602173, 0.05018922842102587, 0.002257134969548799, 0.0037483086573099414, 0.003717721786572214, 0.19530801265467873

0.2606574594974518, 0.030556444078683853, 2244.0, 164715.0, 0.025562744919347492, 0.7593989385190965, 0.049155097835122855, 0.27272728085517883, 0.03797109052538872, 6.0, 1605.0, 0.007348438456827924, 0.7543321024004267, 0.003978265190189805, 0.03648519515991211, 0.47459904352823895, 29.347303867340088
0.25124868750572205, 0.03557470068335533, 2163.0, 191766.0, 0.02135895486279118, 0.8815183329624735, 0.011829283499348548, 0.27272728085517883, 0.03887009248137474, 6.0, 1643.0, 0.007181328545780971, 0.8563997040599278, 0.003188280264745073, 0.04184293746948242, 0.48742689405168804, 28.705984592437744
0.25124868750572205, 0.06001150980591774, 2163.0, 323493.0, 0.012941827591880695, 0.736566194269295, 0.004662047880195246, 0.27272728085517883, 0.07369466871023178, 6.0, 3115.0, 0.0038180082723512565, 0.7204344899227674, 0.0013059125869274624, 0.03699088096618652, 0.46419462135859896, 29.15775728225708
0.2119874507188797, 0.009191327728331089, 1825.0, 49546.0, 0.060853617872624215, 0.9419076677385434, 0.1154094904121212, 0.27272728085517883, 0.017483262345194817, 6.0, 739.0, 0.01564537157757497, 0.905727171643091, 0.013169347944433332, 0.0435488224029541, 0.47775183405194965, 28.240315914154053
0.10430944710969925, 0.09915655851364136, 898.0, 534505.0, 0.003301397763284633, 0.6258872470073775, 0.002192059014289417, 0.13636364042758942, 0.11443374305963516, 3.0, 4837.0, 0.0012340600575894694, 0.6223274525280723, 0.0006860138228882827, 0.05717825889587402, 0.4746436436971029, 29.053507328033447

[1]:
, TPR, FPR, TP, FP, F1, AUC, AP, UW_TPR, UW_FPR, UW_TP, UW_FP, UW_F1, UW_AUC, UW_AP, FwdTime, TPE, tr_time
mean, 0.28076923042535784, 0.02218472056556493, 1898.0, 101515.0, 0.1592291055885713, 0.8220151703227412, 0.10148080420079549, 0.823711347579956, 0.027100161043927075, 159.8, 1073.6, 0.38592681547912555, 0.9584429986634578, 0.4147735555403732, 0.04194374084472656, 0.47572320733751566, 28.900973796844482
stderr, 0.04547901163083839, 0.013037778882500024, 307.4381238558419, 59659.53604663717, 0.08167798540734643, 0.03904690325284697, 0.05570362296018672, 0.04359862025880659, 0.013273137876760006, 8.4581321815162, 525.828641289156, 0.12190123111192414, 0.01160570278128513, 0.1567886731006043, 0.0027535341357062064, 0.003717721786572214, 0.19530801265467873

0.3315088748931885, 0.0009567522793076932, 2241.0, 4378.0, 0.3350026160400628, 0.8110974552701048, 0.2470474370385997, 0.8814433217048645, 0.005124192219227552, 171.0, 203.0, 0.602112676056338, 0.9692432012266209, 0.7941559984648744, 0.036272525787353516, 0.47459904352823895, 29.347303867340088
0.09911242872476578, 0.00551585853099823, 670.0, 25240.0, 0.041016222834404654, 0.8598249668946791, 0.02102212984819976, 0.6546391844749451, 0.009945476427674294, 127.0, 394.0, 0.35524475524475524, 0.9664483292182269, 0.3643549561202055, 0.04843783378601074, 0.48742689405168804, 28.705984592437744
0.3315088748931885, 0.03728296235203743, 2241.0, 170603.0, 0.024954900781719785, 0.7843717548841619, 0.006704380857105671, 0.8814433217048645, 0.05071183294057846, 171.0, 2009.0, 0.14406065711878688, 0.953209379632097, 0.11253463263802023, 0.0469362735748291, 0.46419462135859896, 29.15775728225708
0.32233726978302, 0.0005435000057332218, 2179.0, 2487.0, 0.3814108174339226, 0.9445864292164592, 0.22805569623554392, 0.876288652420044, 0.002700928831472993, 170.0, 107.0, 0.721868365180467, 0.9862520402045201, 0.7574133493602968, 0.043247222900390625, 0.47775183405194965, 28.240315914154053
0.31937870383262634, 0.06662452965974808, 2159.0, 304867.0, 0.013760970852746775, 0.7101952453483001, 0.004574377024528304, 0.8247422575950623, 0.06701837480068207, 160.0, 2655.0, 0.10634762379528083, 0.9170620430358244, 0.04540884111846859, 0.03482484817504883, 0.4746436436971029, 29.053507328033447

[2]:
, TPR, FPR, TP, FP, F1, AUC, AP, UW_TPR, UW_FPR, UW_TP, UW_FP, UW_F1, UW_AUC, UW_AP, FwdTime, TPE, tr_time
mean, 0.30308967232704165, 0.06622187048196793, 2011.0, 25161.0, 0.14917374551967866, 0.6809141598669479, 0.14222269131641238, 0.4, 0.07428416982293129, 14.4, 550.0, 0.0639648403747842, 0.7867496548412269, 0.08537630583539074, 0.02355470657348633, 0.47572320733751566, 28.900973796844482
stderr, 0.03211012742719944, 0.015510685413239982, 213.05069819176842, 5893.285136492209, 0.04988087416729012, 0.031580005801532564, 0.06540518728662577, 0.018839807461620384, 0.015683091227333263, 0.6782329983125267, 116.1176127897917, 0.022392764582549685, 0.030091925955781387, 0.04312743705243317, 0.0010401835889776354, 0.003717721786572214, 0.19530801265467873

0.33669930696487427, 0.06601131707429886, 2234.0, 25081.0, 0.13160530191458028, 0.67287300266475, 0.25223284475674035, 0.4444444477558136, 0.07050243020057678, 16.0, 522.0, 0.05574912891986063, 0.7915653700702323, 0.11642882150645169, 0.021717309951782227, 0.47459904352823895, 29.347303867340088
0.1746797263622284, 0.06374523043632507, 1159.0, 24220.0, 0.07240582245267695, 0.6734394219363928, 0.03579356544778494, 0.3611111044883728, 0.06712587922811508, 13.0, 497.0, 0.04761904761904761, 0.8064972387298157, 0.04255845868755356, 0.027287960052490234, 0.48742689405168804, 28.705984592437744
0.3342878818511963, 0.09114620089530945, 2218.0, 34631.0, 0.10201453408150124, 0.6490584857623654, 0.037396312201787685, 0.3888888955116272, 0.1021069660782814, 14.0, 756.0, 0.0347394540942928, 0.7533427876823338, 0.014384041229576093, 0.021514892578125, 0.46419462135859896, 29.15775728225708
0.33669930696487427, 0.01073562353849411, 2234.0, 4079.0, 0.3450725980846463, 0.7986440475797345, 0.3445251241816262, 0.4444444477558136, 0.02147487923502922, 16.0, 159.0, 0.15165876777251186, 0.8821170238309622, 0.24063569546675487, 0.023905277252197266, 0.47775183405194965, 28.240315914154053
0.3330821394920349, 0.09947098046541214, 2210.0, 37794.0, 0.09477047106498854, 0.6105558413914971, 0.041165609994122755, 0.3611111044883728, 0.11021069437265396, 13.0, 816.0, 0.030057803468208088, 0.7002258538927908, 0.012874512286617464, 0.023348093032836914, 0.4746436436971029, 29.053507328033447

[3]:
, TPR, FPR, TP, FP, F1, AUC, AP, UW_TPR, UW_FPR, UW_TP, UW_FP, UW_F1, UW_AUC, UW_AP, FwdTime, TPE, tr_time
mean, 0.22591229677200317, 0.03576193084008992, 4971.2, 370007.0, 0.06208535111167871, 0.776537029581071, 0.058341147196050415, 0.7167381882667542, 0.04396948432549834, 167.0, 3717.4, 0.135386658264309, 0.9104661077715426, 0.25415824357131533, 0.06228127479553223, 0.47572320733751566, 28.900973796844482
stderr, 0.02348749291529436, 0.014387371343829744, 516.8422776824666, 148857.40324854522, 0.034401766994607494, 0.03927055752120798, 0.03164535761524385, 0.03724273720578074, 0.015427780933290018, 8.677557259966655, 1304.3416960290733, 0.05396300184198073, 0.015776569585745432, 0.12731334229652308, 0.004197123254382118, 0.003717721786572214, 0.19530801265467873

0.27284708619117737, 0.016992878168821335, 6004.0, 175815.0, 0.058913572493916315, 0.7580736298829038, 0.11118103906599042, 0.7682403326034546, 0.025584008544683456, 179.0, 2163.0, 0.13902912621359223, 0.9186122026084085, 0.5824190750405132, 0.05957651138305664, 0.47459904352823895, 29.347303867340088
0.15410134196281433, 0.02388175204396248, 3391.0, 247090.0, 0.02488935211350308, 0.8195586682398712, 0.014188543582051474, 0.5751072764396667, 0.028186172246932983, 134.0, 2383.0, 0.09745454545454545, 0.9170908551887318, 0.07698081235761377, 0.06320333480834961, 0.48742689405168804, 28.705984592437744
0.275301069021225, 0.05197608470916748, 6058.0, 537765.0, 0.02141286751450971, 0.7419267960031911, 0.006016242202610461, 0.7725321650505066, 0.06624874472618103, 180.0, 5601.0, 0.05986032590621882, 0.90356259472252, 0.047667273374382806, 0.04941153526306152, 0.46419462135859896, 29.15775728225708
0.23526471853256226, 0.0024860838893800974, 5177.0, 25722.0, 0.19571298956600633, 0.8986172572126937, 0.15630800253047925, 0.7596566677093506, 0.007451653014868498, 177.0, 630.0, 0.3403846153846154, 0.9554668425809757, 0.5472421396559034, 0.06364202499389648, 0.47775183405194965, 28.240315914154053
0.19204726815223694, 0.0834728553891182, 4226.0, 863643.0, 0.009497973870458065, 0.6645087965666955, 0.004011908599120476, 0.7081544995307922, 0.09237684309482574, 165.0, 7810.0, 0.0402046783625731, 0.8575980437570769, 0.0164819174281636, 0.07557296752929688, 0.4746436436971029, 29.053507328033447

