Namespace(dataset='OPTC', delta=0.5, encoder='GCN', fpweight=0.6, hidden=32, load=False, ngrus=1, nowrite=False, pred=False, rnn='LSTM', te_end=None, tests=5, threads=1, workers=4, zdim=16)

[0]:
, TPR, FPR, TP, FP, F1, AUC, AP, FwdTime, TPE
mean, 32.55813903808594, 10.702799797058105, 14.0, 8566.2, 0.004230258754324753, 0.8232594750509283, 0.0021955158958982604, 0.13285365104675292, 2.029236615918441
stderr, 1.9457205519012293, 2.014219866274331, 0.8366600265340755, 1612.121192714741, 0.0013647513338678266, 0.03284139881943637, 0.0007810187428199198, 0.0035069746520113884, 0.013566507948490377

30.23255729675293, 14.378349304199219, 13.0, 11508.0, 0.002248356969906607, 0.7606877168146942, 0.0010663683627082214, 0.1238701343536377, 2.0490945710076227
27.906978607177734, 12.472981452941895, 12.0, 9983.0, 0.002390914524805738, 0.7741675289132265, 0.0011350950350270774, 0.13004302978515625, 2.0671904237646808
37.20930099487305, 7.870110034942627, 16.0, 6299.0, 0.005033029254482542, 0.8675814470691026, 0.0024747265987100607, 0.12818336486816406, 2.032056946503489
30.23255729675293, 14.547021865844727, 13.0, 11643.0, 0.002222412171980511, 0.7827211310117907, 0.0011635300392376193, 0.14119553565979004, 1.9991364406816887
37.20930099487305, 4.2455363273620605, 16.0, 3398.0, 0.009256580850448365, 0.9311395514458284, 0.005137859443808322, 0.1409761905670166, 1.9987046976347227

[1]:
, TPR, FPR, TP, FP, F1, AUC, AP, FwdTime, TPE
mean, 68.10811004638671, 10.290429019927979, 201.6, 7121.8, 0.0625338907506752, 0.8625950034678072, 0.021242045950940355, 0.1287079334259033, 2.029236615918441
stderr, 2.081475835016675, 2.106399877577862, 6.161168720299745, 1457.7971532418355, 0.012662546196815243, 0.029832390467933536, 0.005477938064409614, 0.0027756024183325724, 0.013566507948490377

69.93243408203125, 14.283031463623047, 207.0, 9885.0, 0.0398536773199846, 0.8061183365772431, 0.011860152875694788, 0.12065839767456055, 2.0490945710076227
67.56756591796875, 12.459542274475098, 200.0, 8623.0, 0.043864458822239286, 0.819673879679587, 0.013004017829886017, 0.13206124305725098, 2.0671904237646808
61.148651123046875, 5.048549175262451, 181.0, 3494.0, 0.0911609166456812, 0.9394503974700628, 0.03556384785478671, 0.13456273078918457, 2.032056946503489
73.98648834228516, 14.313374519348145, 219.0, 9906.0, 0.04203051530563286, 0.8163911540065669, 0.012080965021187367, 0.13277029991149902, 1.9991364406816887
67.90541076660156, 5.347647666931152, 201.0, 3701.0, 0.09575988565983803, 0.931341249605576, 0.03370124617314689, 0.12348699569702148, 1.9987046976347227

[2]:
, TPR, FPR, TP, FP, F1, AUC, AP, FwdTime, TPE
mean, 49.86666641235352, 16.63188934326172, 74.8, 1466.6, 0.0922335254769429, 0.7601799349814773, 0.03675692949547051, 0.10318360328674317, 2.029236615918441
stderr, 4.7628193941480435, 1.7359973909545516, 7.144228439796701, 153.0802403969892, 0.013662920385390215, 0.03226753557276978, 0.005403891698283238, 0.0019211598346071585, 0.013566507948490377

42.66666793823242, 20.027217864990234, 64.0, 1766.0, 0.06464646464646465, 0.7015589324865805, 0.02730967840028566, 0.10982608795166016, 2.0490945710076227
42.0, 17.668405532836914, 63.0, 1558.0, 0.07114624505928853, 0.7047448400997959, 0.027675795269951863, 0.10502099990844727, 2.0671904237646808
44.666664123535156, 11.442503929138184, 67.0, 1009.0, 0.10929853181076671, 0.846234973916988, 0.04898201377094938, 0.10160064697265625, 2.032056946503489
52.666664123535156, 20.208663940429688, 79.0, 1782.0, 0.07856787667826952, 0.7170976033870113, 0.028885765720404424, 0.09961485862731934, 1.9991364406816887
67.33333587646484, 13.812655448913574, 101.0, 1218.0, 0.1375085091899251, 0.8312633250170107, 0.05093139431576123, 0.09985542297363281, 1.9987046976347227

Namespace(dataset='OPTC', delta=1.0, encoder='GCN', fpweight=0.6, hidden=32, load=False, ngrus=1, nowrite=False, pred=False, rnn='LSTM', te_end=None, tests=5, threads=1, workers=4, zdim=16)

[0]:
, TPR, FPR, TP, FP, F1, AUC, AP, FwdTime, TPE
mean, 34.35897674560547, 12.717988204956054, 13.4, 8841.8, 0.0030400958730977057, 0.8050856065484527, 0.0013945531780053158, 0.08372817039489747, 1.4250181039189485
stderr, 0.6280741971847962, 0.5957314474557435, 0.24494897427831783, 414.1643876530187, 0.00015420707503613766, 0.0146484643534238, 8.73741377649746e-05, 0.0024222996401587153, 0.007705975340328493

33.333335876464844, 12.850607872009277, 13.0, 8934.0, 0.002893389717338082, 0.800579635739729, 0.0013295597712436812, 0.07737350463867188, 1.4203376162726924
33.333335876464844, 11.16624927520752, 13.0, 7763.0, 0.003326935380678183, 0.8248436761209696, 0.001517655617689514, 0.09107494354248047, 1.4077480251406447
35.897438049316406, 11.590575218200684, 14.0, 8058.0, 0.0034521020835901863, 0.8410394348514656, 0.0016473017246829928, 0.07976937294006348, 1.4539330408379838
35.897438049316406, 13.709328651428223, 14.0, 9531.0, 0.0029215358931552584, 0.7542124647501363, 0.001136390751601519, 0.08400297164916992, 1.4196446587642033
33.333335876464844, 14.27318000793457, 13.0, 9923.0, 0.002606516290726817, 0.8047528212799637, 0.0013418580248088722, 0.08642005920410156, 1.4234271785792183

[1]:
, TPR, FPR, TP, FP, F1, AUC, AP, FwdTime, TPE
mean, 74.93877410888672, 13.136218452453614, 183.6, 8152.6, 0.043126185682052634, 0.8428748407616083, 0.013059676592711284, 0.08818154335021973, 1.4250181039189485
stderr, 1.0997705928776051, 0.5892492190349621, 2.694438717061496, 365.69995898277045, 0.00205819843279916, 0.009179956239157374, 0.0005903968429055816, 0.004173222406091614, 0.007705975340328493

74.69387817382812, 13.268989562988281, 183.0, 8235.0, 0.042248643656931775, 0.8342883252363174, 0.012470042106425503, 0.10254502296447754, 1.4203376162726924
73.06121826171875, 11.581966400146484, 179.0, 7188.0, 0.047031003678402516, 0.8553385390120084, 0.014186189762446358, 0.08221983909606934, 1.4077480251406447
79.18367004394531, 12.240984916687012, 194.0, 7597.0, 0.048282727725236445, 0.8672959364532769, 0.014744622152553828, 0.07851767539978027, 1.4539330408379838
74.28571319580078, 13.578356742858887, 182.0, 8427.0, 0.0411113620962277, 0.8135669794326805, 0.01179485724319622, 0.09129023551940918, 1.4196446587642033
73.46939086914062, 15.010794639587402, 180.0, 9316.0, 0.036957191253464736, 0.8438844236737588, 0.012102671698934513, 0.0863349437713623, 1.4234271785792183

[2]:
, TPR, FPR, TP, FP, F1, AUC, AP, FwdTime, TPE
mean, 38.54166717529297, 20.553073501586915, 37.0, 1702.0, 0.04028512877547209, 0.6603276073743107, 0.016567641761572834, 0.06422419548034668, 1.4250181039189485
stderr, 2.7163347255998085, 0.5610780771214134, 2.6076809620810595, 46.462888416455556, 0.0024082018293351613, 0.011955288381649028, 0.0005186002150520298, 0.003630128296706355, 0.007705975340328493

42.708335876464844, 20.009660720825195, 41.0, 1657.0, 0.04570791527313267, 0.6548323471400395, 0.01625110446438278, 0.06113123893737793, 1.4203376162726924
36.458335876464844, 18.971139907836914, 35.0, 1571.0, 0.04112808460634548, 0.6634703437588053, 0.016814970413712146, 0.054094791412353516, 1.4077480251406447
46.875, 22.412752151489258, 45.0, 1856.0, 0.04506760140210316, 0.6738995894215675, 0.017711624889101583, 0.06310629844665527, 1.4539330408379838
34.375, 20.734210968017578, 33.0, 1717.0, 0.035752979414951244, 0.6188614499054059, 0.014739656045169029, 0.06653046607971191, 1.4196446587642033
32.291664123535156, 20.637603759765625, 31.0, 1709.0, 0.03376906318082788, 0.6905743066457352, 0.017320852995498622, 0.07625818252563477, 1.4234271785792183

Namespace(dataset='OPTC', delta=2.0, encoder='GCN', fpweight=0.6, hidden=32, load=False, ngrus=1, nowrite=False, pred=False, rnn='LSTM', te_end=None, tests=5, threads=1, workers=4, zdim=16)

[0]:
, TPR, FPR, TP, FP, F1, AUC, AP, FwdTime, TPE
mean, 38.51851844787598, 10.645997428894043, 10.4, 6407.4, 0.003110210093430028, 0.8525153505614078, 0.0015136638403006944, 0.07008123397827148, 0.9957890774655039
stderr, 9.840985592519168, 0.71379181114177, 2.657066051117284, 429.60267690041223, 0.0005479800799861297, 0.005272697253224816, 8.446825246433315e-05, 0.0019022109663994545, 0.004696187152867641

77.77777862548828, 13.21237564086914, 21.0, 7952.0, 0.00525, 0.8646867550100861, 0.0018051438309713978, 0.07143712043762207, 0.9881333813522801
29.629629135131836, 9.043631553649902, 8.0, 5443.0, 0.002920774005111354, 0.8496506508834958, 0.001425698196683315, 0.07482314109802246, 1.0063103424029405
25.925926208496094, 10.367859840393066, 7.0, 6240.0, 0.0022314313037934334, 0.8422618278398692, 0.0013524227883668768, 0.0644066333770752, 1.0012296438217163
29.629629135131836, 10.904528617858887, 8.0, 6563.0, 0.002424977265838133, 0.8651150569038449, 0.0016000143582545479, 0.0670630931854248, 1.0018262275751086
29.629629135131836, 9.701591491699219, 8.0, 5839.0, 0.0027238678924072185, 0.8408624621697429, 0.001385040027227335, 0.07267618179321289, 0.9814457921754747

[1]:
, TPR, FPR, TP, FP, F1, AUC, AP, FwdTime, TPE
mean, 73.6697265625, 10.024552536010741, 160.6, 5348.6, 0.0594722326736604, 0.8787411306817156, 0.019550762798063875, 0.07084836959838867, 0.9957890774655039
stderr, 1.8210507559363216, 1.20941852508811, 3.9698866482558417, 645.285254751726, 0.007524862036837391, 0.01618218693677374, 0.003947496114191365, 0.0014626621702080213, 0.004696187152867641

66.51375579833984, 5.431543350219727, 145.0, 2898.0, 0.08892977614228764, 0.9416402510791917, 0.035194470514113826, 0.07626938819885254, 0.9881333813522801
74.77064514160156, 9.970949172973633, 163.0, 5320.0, 0.05718295035958604, 0.8739991522939219, 0.017694614930746054, 0.07063627243041992, 1.0063103424029405
76.60550689697266, 11.505950927734375, 167.0, 6139.0, 0.051195585530349474, 0.8614278259090272, 0.015038665649406285, 0.07015204429626465, 1.0012296438217163
75.68807983398438, 12.296878814697266, 165.0, 6561.0, 0.04752304147465439, 0.8662128086153074, 0.014681179564911299, 0.06975150108337402, 1.0018262275751086
74.77064514160156, 10.917440414428711, 163.0, 5825.0, 0.05252980986142443, 0.8504256155111298, 0.01514488333114191, 0.06743264198303223, 0.9814457921754747

[2]:
, TPR, FPR, TP, FP, F1, AUC, AP, FwdTime, TPE
mean, 49.333333587646486, 19.770278549194337, 29.6, 1669.6, 0.0335589229989944, 0.7585002960331557, 0.014181691826608939, 0.04796552658081055, 0.9957890774655039
stderr, 3.3582407974104354, 0.9054519386270863, 2.014944167960988, 76.46541701972205, 0.0012405842191454053, 0.010312015537320023, 0.0005374369595267496, 0.004221126960541298, 0.004696187152867641

60.000003814697266, 23.303730010986328, 36.0, 1968.0, 0.03488372093023255, 0.7861870929544109, 0.01504435399595656, 0.06337475776672363, 0.9881333813522801
51.666664123535156, 18.993488311767578, 31.0, 1604.0, 0.03657817109144543, 0.7580185514110914, 0.015425959873631382, 0.04591107368469238, 1.0063103424029405
45.0, 19.111900329589844, 27.0, 1614.0, 0.031746031746031744, 0.7412433392539964, 0.012905058898459667, 0.04199337959289551, 1.0012296438217163
40.0, 18.140911102294922, 24.0, 1532.0, 0.029702970297029705, 0.7760282218275114, 0.014635419552126059, 0.0493621826171875, 1.0018262275751086
50.0, 19.301362991333008, 30.0, 1630.0, 0.03488372093023256, 0.7310242747187684, 0.012897666812871033, 0.03918623924255371, 0.9814457921754747

Namespace(dataset='OPTC', delta=4.0, encoder='GCN', fpweight=0.6, hidden=32, load=False, ngrus=1, nowrite=False, pred=False, rnn='LSTM', te_end=None, tests=5, threads=1, workers=4, zdim=16)

[0]:
, TPR, FPR, TP, FP, F1, AUC, AP, FwdTime, TPE
mean, 23.63636474609375, 41.90541534423828, 5.2, 17713.0, 0.0005873373206748301, 0.506992444495106, 0.0005179213520645911, 0.052034425735473636, 0.66583005333457
stderr, 0.909090805053711, 0.798999071492571, 0.19999999999999998, 337.7291814457258, 2.662362344119209e-05, 0.004018525263974008, 1.7157958124902351e-06, 0.0008223320037950534, 0.0020433194077926057

22.72727394104004, 41.3021354675293, 5.0, 17458.0, 0.0005719187875321705, 0.5123828122479617, 0.0005182439908174553, 0.05012083053588867, 0.6657854362770363
22.72727394104004, 39.96782684326172, 5.0, 16894.0, 0.0005909816204716032, 0.5134893614275667, 0.0005150526141539688, 0.050633907318115234, 0.6626085057316056
27.272727966308594, 41.34708786010742, 6.0, 17477.0, 0.0006855184233076265, 0.5146948440615194, 0.0005226439888304056, 0.05225944519042969, 0.6620428562164307
22.72727394104004, 42.12543487548828, 5.0, 17806.0, 0.0005607581450120564, 0.49669755827933215, 0.0005132363210751366, 0.0523381233215332, 0.6652393985438991
22.72727394104004, 44.78459167480469, 5.0, 18930.0, 0.0005275096270506937, 0.4976976464591501, 0.0005204298454459889, 0.05481982231140137, 0.6734740699038786

[1]:
, TPR, FPR, TP, FP, F1, AUC, AP, FwdTime, TPE
mean, 4.123711109161377, 46.715467834472655, 8.0, 18506.8, 0.0008562897722685893, 0.5121405310569092, 0.004931755707386619, 0.043682861328125, 0.66583005333457
stderr, 0.0, 0.8294992283714094, 0.0, 328.61442451602755, 1.5340045045118476e-05, 0.0015252820952976265, 3.71051655649027e-05, 0.0020225088612885567, 0.0020433194077926057

4.123711109161377, 46.50898742675781, 8.0, 18425.0, 0.0008589681644924034, 0.51067184403261, 0.004881007115839042, 0.05077624320983887, 0.6657854362770363
4.123711109161377, 43.93174362182617, 8.0, 17404.0, 0.0009087810973531751, 0.5072440271971753, 0.004815242559966477, 0.038548946380615234, 0.6626085057316056
4.123711109161377, 46.301998138427734, 8.0, 18343.0, 0.0008627662442706929, 0.516040067118565, 0.004960019317425925, 0.044393062591552734, 0.6620428562164307
4.123711109161377, 48.47283935546875, 8.0, 19203.0, 0.0008245297603710384, 0.5123363412471061, 0.004979736621478271, 0.043079376220703125, 0.6652393985438991
4.123711109161377, 48.36177062988281, 8.0, 19159.0, 0.0008264035948556377, 0.5144103756890895, 0.005022772922223384, 0.04161667823791504, 0.6734740699038786

[2]:
, TPR, FPR, TP, FP, F1, AUC, AP, FwdTime, TPE
mean, 15.555556488037109, 38.622367477416994, 5.6, 2859.6, 0.00418912103304392, 0.4969611021069692, 0.004681942404652566, 0.02790722846984863, 0.66583005333457
stderr, 0.6804140250855899, 5.770727134220677, 0.24494897427831783, 427.2646252616755, 0.0005893073763276779, 0.011195913540903029, 9.484580478922463e-05, 0.0003564939531161551, 0.0020433194077926057

16.666667938232422, 29.470556259155273, 6.0, 2182.0, 0.0053956834532374095, 0.49367083858574945, 0.004447425934779223, 0.028580427169799805, 0.6657854362770363
13.88888931274414, 22.60940170288086, 5.0, 1674.0, 0.0058309037900874635, 0.5377311063089021, 0.005010590998370425, 0.02886486053466797, 0.6626085057316056
13.88888931274414, 38.38465881347656, 5.0, 2842.0, 0.0034686090877558097, 0.49898703403565636, 0.00455416020352378, 0.027370929718017578, 0.6620428562164307
16.666667938232422, 50.06753158569336, 6.0, 3707.0, 0.0032008535609495863, 0.48218305420493424, 0.004701237883720725, 0.026982545852661133, 0.6652393985438991
16.666667938232422, 52.579689025878906, 6.0, 3893.0, 0.0030495552731893264, 0.4722334773996038, 0.00469629700286868, 0.02773737907409668, 0.6734740699038786

Namespace(dataset='OPTC', delta=8.0, encoder='GCN', fpweight=0.6, hidden=32, load=False, ngrus=1, nowrite=False, pred=False, rnn='LSTM', te_end=None, tests=5, threads=1, workers=4, zdim=16)

[0]:
, TPR, FPR, TP, FP, F1, AUC, AP, FwdTime, TPE
mean, 30.47619171142578, 42.703514099121094, 6.4, 15653.4, 0.0008141707209207823, 0.4448751325060797, 0.0005770958318433202, 0.03962564468383789, 0.4431384984354848
stderr, 5.553287825758361, 3.267742298467097, 1.16619037896906, 1197.8235512795698, 0.0001146694235677486, 0.04415713757704055, 7.999516416323639e-05, 0.002765765133485902, 0.006113498367434302

23.809524536132812, 32.84318923950195, 5.0, 12039.0, 0.0008288437629506838, 0.4649339548128287, 0.0005131054912096039, 0.045708656311035156, 0.45595639733707205
28.571430206298828, 38.84220886230469, 6.0, 14238.0, 0.0008412197686645636, 0.27499558313067696, 0.00040834945327204193, 0.04251217842102051, 0.43844661239750127
23.809524536132812, 42.225013732910156, 5.0, 15478.0, 0.0006449948400412797, 0.4646858306832118, 0.0005168972071920145, 0.04060482978820801, 0.4515669228118143
23.809524536132812, 50.23733901977539, 5.0, 18415.0, 0.0005422699419771162, 0.4887629648105423, 0.0005672225469419982, 0.02930307388305664, 0.4481489034799429
52.38095474243164, 49.36981964111328, 11.0, 18097.0, 0.0012135252909702687, 0.5309973290931388, 0.0008799044606009419, 0.03999948501586914, 0.42157365615109366

[1]:
, TPR, FPR, TP, FP, F1, AUC, AP, FwdTime, TPE
mean, 11.602210187911988, 42.02047538757324, 21.0, 13052.4, 0.0038581915735829593, 0.42045143361468124, 0.00540648033588028, 0.047664308547973634, 0.4431384984354848
stderr, 4.565956811162611, 5.174239074024748, 8.264381404557753, 1607.222063064093, 0.0018329126604875552, 0.05004728589459036, 0.00031748021103547667, 0.002741026299455567, 0.006113498367434302

2.7624309062957764, 44.4691276550293, 5.0, 13813.0, 0.0007143367383384528, 0.48267375425587955, 0.005400331872551688, 0.0468900203704834, 0.45595639733707205
19.337017059326172, 21.589078903198242, 35.0, 6706.0, 0.010112684195319273, 0.3276359418037922, 0.004183921390943342, 0.04799365997314453, 0.43844661239750127
3.3149170875549316, 46.37499237060547, 6.0, 14405.0, 0.0008223684210526316, 0.5049789922916599, 0.00579189304842877, 0.04147028923034668, 0.4515669228118143
7.1823201179504395, 48.52553176879883, 13.0, 15073.0, 0.0017030195847252245, 0.51391869620232, 0.005920511609910401, 0.04430723190307617, 0.4481489034799429
25.414365768432617, 49.143646240234375, 46.0, 15265.0, 0.005938548928479215, 0.2730497835197543, 0.005735743757567203, 0.05766034126281738, 0.42157365615109366

[2]:
, TPR, FPR, TP, FP, F1, AUC, AP, FwdTime, TPE
mean, 31.111113357543946, 32.65802192687988, 5.6, 2418.0, 0.004782662617219231, 0.43921153730716134, 0.00306101494290765, 0.025575733184814452, 0.4431384984354848
stderr, 9.395297705373178, 5.7838356426699145, 1.6911534525287764, 428.235215740135, 0.0012282212579652946, 0.05147098180700354, 0.0008015814835111016, 0.001520457087419891, 0.006113498367434302

16.666667938232422, 17.652620315551758, 3.0, 1307.0, 0.004518072289156627, 0.3858574944474458, 0.002237543132214507, 0.023166656494140625, 0.45595639733707205
33.333335876464844, 29.79470443725586, 6.0, 2206.0, 0.0053811659192825115, 0.2974668347439823, 0.0024002216899392287, 0.024061203002929688, 0.43844661239750127
16.666667938232422, 27.80929183959961, 3.0, 2059.0, 0.0028846153846153848, 0.4459001140524642, 0.002136312559223749, 0.031565189361572266, 0.4515669228118143
22.22222328186035, 52.79578399658203, 4.0, 3909.0, 0.002035105571101501, 0.45514436640854794, 0.0022680919267791732, 0.02479863166809082, 0.4481489034799429
66.66667175292969, 35.237709045410156, 12.0, 2609.0, 0.009094353921940128, 0.6116888768833664, 0.006262905406381591, 0.024286985397338867, 0.42157365615109366

Namespace(dataset='OPTC', delta=12.0, encoder='GCN', fpweight=0.6, hidden=32, load=False, ngrus=1, nowrite=False, pred=False, rnn='LSTM', te_end=None, tests=5, threads=1, workers=4, zdim=16)

[0]:
, TPR, FPR, TP, FP, F1, AUC, AP, FwdTime, TPE
mean, 18.09523868560791, 32.188500213623044, 3.8, 10764.8, 0.0006613304868022701, 0.49299219852399895, 0.0006314844984612195, 0.04010539054870606, 0.3205975209197781
stderr, 8.832017962445985, 1.8561753360498294, 1.854723699099141, 620.760775178329, 0.0003000493869378736, 0.028366763206853583, 3.238118106370572e-05, 0.0013483110471015235, 0.0010588130538064268

9.523809432983398, 32.96355056762695, 2.0, 11024.0, 0.0003620892550013578, 0.5232947887165511, 0.0006743129860853859, 0.04026198387145996, 0.31875517461207004
0.0, 29.468050003051758, 0.0, 9855.0, 0.0, 0.459414241431405, 0.0005813991056630523, 0.04342198371887207, 0.319512823353643
4.761904716491699, 30.08701515197754, 1.0, 10062.0, 0.00019833399444664813, 0.5235518002913273, 0.0006473206878303556, 0.042221784591674805, 0.32141804814937724
28.571430206298828, 29.297611236572266, 6.0, 9798.0, 0.0012213740458015265, 0.3995326803388281, 0.0005368056842651529, 0.03569293022155762, 0.31891591893377114
47.619049072265625, 39.12627410888672, 10.0, 13085.0, 0.0015248551387618179, 0.559167481841883, 0.0007175840284621514, 0.03892827033996582, 0.32438563955002936

[1]:
, TPR, FPR, TP, FP, F1, AUC, AP, FwdTime, TPE
mean, 17.44444513320923, 26.911076545715332, 31.4, 5520.0, 0.01503093248442637, 0.32137540084936733, 0.006720738954692931, 0.04351091384887695, 0.3205975209197781
stderr, 5.0905386337626854, 7.670967516995914, 9.162968951164245, 1573.4688748113194, 0.005474076177992877, 0.05052398822672459, 0.0006486409180039592, 0.0007609981559767824, 0.0010588130538064268

5.555555820465088, 29.660686492919922, 10.0, 6084.0, 0.0031877590054191903, 0.22456136787138153, 0.005237363038698611, 0.04507136344909668, 0.31875517461207004
11.111111640930176, 13.879680633544922, 20.0, 2847.0, 0.013127666557269444, 0.325773124674987, 0.006742969487661696, 0.044504404067993164, 0.319512823353643
12.222222328186035, 5.021450996398926, 22.0, 1030.0, 0.03571428571428571, 0.29948783368001386, 0.008066340036633486, 0.04110264778137207, 0.32141804814937724
33.333335876464844, 44.18876647949219, 60.0, 9064.0, 0.012897678417884782, 0.5101506976945744, 0.00826115822963087, 0.04235410690307617, 0.31891591893377114
25.0, 41.8047981262207, 45.0, 8575.0, 0.010227272727272725, 0.24690398032587968, 0.005295863980839996, 0.04452204704284668, 0.32438563955002936

[2]:
, TPR, FPR, TP, FP, F1, AUC, AP, FwdTime, TPE
mean, 25.0, 26.93949251174927, 3.0, 1994.6, 0.0019985562379642623, 0.5276674770394382, 0.0026017986713631792, 0.021437835693359376, 0.3205975209197781
stderr, 12.360330597503745, 7.596673529342223, 1.4832396974191324, 562.4576961870109, 0.0009268002077061451, 0.021667811537216333, 0.0004871540781476001, 0.0001245186857610011, 0.0010588130538064268

16.666667938232422, 31.050783157348633, 2.0, 2299.0, 0.001729355814958928, 0.5722694939672249, 0.0019712329412263415, 0.021598339080810547, 0.31875517461207004
0.0, 12.43922233581543, 0.0, 921.0, 0.0, 0.5363204574104089, 0.0017986402783184351, 0.0210111141204834, 0.319512823353643
0.0, 6.523500919342041, 0.0, 483.0, 0.0, 0.5250652800288133, 0.0017946475322745635, 0.021522998809814453, 0.32141804814937724
58.33333206176758, 46.56942367553711, 7.0, 3448.0, 0.004038073262186328, 0.5572775976949397, 0.0032019232040103444, 0.02133011817932129, 0.31891591893377114
50.0, 38.114532470703125, 6.0, 2822.0, 0.004225352112676056, 0.44740455609580404, 0.004242549400986212, 0.021726608276367188, 0.32438563955002936

