Namespace(dataset='OPTC', delta=0.5, encoder='GCN', fpweight=0.6, hidden=32, load=False, ngrus=1, nowrite=False, pred=True, rnn='LSTM', te_end=None, tests=5, threads=1, workers=4, zdim=16)

[0]:
, TPR, FPR, TP, FP, F1, AUC, AP, FwdTime, TPE
mean, 72.09302368164063, 23.966908836364745, 31.0, 19178.8, 0.006026172386848938, 0.7664681166167677, 0.002022743194563795, 0.13307771682739258, 2.0592869306621577
stderr, 5.790652128386118, 8.264544156312793, 2.4899799195977463, 6613.453684724796, 0.002779747296969087, 0.06757005403189038, 0.0009304768287883261, 0.004068620372293964, 0.011119948108307404

93.02326202392578, 48.8040771484375, 40.0, 39054.0, 0.0020441014896389604, 0.568108595717573, 0.0005924615994206476, 0.11839628219604492, 2.020885344539586
74.4186019897461, 4.6399736404418945, 32.0, 3713.0, 0.01689545934530095, 0.9441920913609222, 0.00565471907640077, 0.13877320289611816, 2.0520002014496748
62.79069900512695, 13.749969482421875, 27.0, 11003.0, 0.004876727174207532, 0.8411233422436737, 0.0016531190681896278, 0.12997770309448242, 2.0800630365099226
60.46511459350586, 14.914648056030273, 26.0, 11935.0, 0.00433188937020993, 0.821157321271534, 0.001469975095854366, 0.13864898681640625, 2.0818259668822336
69.76744079589844, 37.72587585449219, 30.0, 30189.0, 0.0019826845548873177, 0.657759232490135, 0.0007434411329535614, 0.13959240913391113, 2.0616601039293716

[1]:
, TPR, FPR, TP, FP, F1, AUC, AP, FwdTime, TPE
mean, 73.78378448486328, 9.753764629364014, 218.4, 6749.8, 0.07115449217985577, 0.88996307910176, 0.02474817864180936, 0.12371983528137206, 2.0592869306621577
stderr, 3.5183836253732097, 2.077216465180544, 10.414413089560064, 1437.4752658741645, 0.014493527074339136, 0.0280083771253422, 0.005714763011299842, 0.0023442472359171047, 0.011119948108307404

86.48648834228516, 9.558972358703613, 256.0, 6615.0, 0.07143853774243059, 0.9191223968687048, 0.025503950457657392, 0.11938190460205078, 2.020885344539586
70.60810852050781, 4.3365797996521, 209.0, 3001.0, 0.11922418710781517, 0.9524630986293944, 0.04202568243489241, 0.12000870704650879, 2.0520002014496748
72.29730224609375, 14.067512512207031, 214.0, 9735.0, 0.04177647632991703, 0.830643808529202, 0.012801729682093001, 0.12604165077209473, 2.0800630365099226
74.32432556152344, 14.730789184570312, 220.0, 10194.0, 0.04108309990662932, 0.8150940265357118, 0.011885278948942085, 0.1318526268005371, 2.0818259668822336
65.20269775390625, 6.074969291687012, 193.0, 4204.0, 0.08225015981248668, 0.9324920649457874, 0.031524251685461885, 0.12131428718566895, 2.0616601039293716

[2]:
, TPR, FPR, TP, FP, F1, AUC, AP, FwdTime, TPE
mean, 63.19444351196289, 31.106827163696288, 91.0, 2743.0, 0.06953420965604992, 0.6748697424460068, 0.02782031159507926, 0.10306024551391602, 2.0592869306621577
stderr, 9.704845445893715, 7.677823541799413, 13.974977638622539, 677.03050152855, 0.011742687113904205, 0.062150052091640824, 0.0057901830324026005, 0.0014213336160950661, 0.011119948108307404

100.0, 52.6423225402832, 144.0, 4642.0, 0.058417849898580114, 0.5163404715102946, 0.015785009149023376, 0.10360479354858398, 2.020885344539586
64.58332824707031, 17.520980834960938, 93.0, 1545.0, 0.10437710437710437, 0.8485799249010861, 0.04800537241051888, 0.10079598426818848, 2.0520002014496748
45.833335876464844, 18.813791275024414, 66.0, 1659.0, 0.07062600321027286, 0.7367805120838687, 0.029628679017098408, 0.09913158416748047, 2.0800630365099226
54.86111068725586, 19.675662994384766, 79.0, 1735.0, 0.08069458631256386, 0.7233334278370002, 0.028559066399851625, 0.10722494125366211, 2.0818259668822336
50.69444274902344, 46.881378173828125, 73.0, 4134.0, 0.03355550448172834, 0.5493143758977848, 0.01712343099890402, 0.10454392433166504, 2.0616601039293716

Namespace(dataset='OPTC', delta=1.0, encoder='GCN', fpweight=0.6, hidden=32, load=False, ngrus=1, nowrite=False, pred=True, rnn='LSTM', te_end=None, tests=5, threads=1, workers=4, zdim=16)

[0]:
, TPR, FPR, TP, FP, F1, AUC, AP, FwdTime, TPE
mean, 37.94871978759765, 18.64694118499756, 14.8, 12957.2, 0.002513689547035955, 0.7425353128218413, 0.0011113051140315652, 0.09091296195983886, 1.4500538376324503
stderr, 1.495115642336577, 2.8930806993447553, 0.58309518948453, 2010.3149603979966, 0.000404795484425894, 0.031799597331828244, 0.00013861878869732684, 0.00523170185692616, 0.003395426167777709

35.897438049316406, 27.941917419433594, 14.0, 19416.0, 0.001438183779341517, 0.6492101640114938, 0.0007452619752061468, 0.07966399192810059, 1.4470153245769564
35.897438049316406, 15.566940307617188, 14.0, 10817.0, 0.0025758969641214353, 0.7798575494475447, 0.0011896588884130802, 0.10912537574768066, 1.4485140828525318
38.46154022216797, 12.717487335205078, 15.0, 8837.0, 0.0033741986278258912, 0.8035611162095252, 0.0014193950011595238, 0.0850975513458252, 1.4436132298575508
35.897438049316406, 22.765409469604492, 14.0, 15819.0, 0.0017641129032258064, 0.6835216917534473, 0.0008281130863815777, 0.08510899543762207, 1.4479217529296875
43.589744567871094, 14.242951393127441, 17.0, 9897.0, 0.0034160554606651257, 0.7965260426871952, 0.0013740966189974974, 0.09556889533996582, 1.4632047979455245

[1]:
, TPR, FPR, TP, FP, F1, AUC, AP, FwdTime, TPE
mean, 61.632652282714844, 18.457844734191895, 151.0, 11454.2, 0.028999708533647278, 0.785129836645242, 0.009779601434276688, 0.0896463394165039, 1.4500538376324503
stderr, 9.281564289652247, 2.538457345491037, 22.739832892965595, 1575.2649427953381, 0.006846832505430604, 0.02531666170864355, 0.0012693568258119832, 0.0021024450502764103, 0.003395426167777709

36.73469543457031, 26.6195068359375, 90.0, 16519.0, 0.01067995728017088, 0.7092034383690307, 0.006351719630888367, 0.08472490310668945, 1.4470153245769564
75.51020050048828, 15.698723793029785, 185.0, 9742.0, 0.03637436099095557, 0.8144244961101625, 0.010409190707721568, 0.08607125282287598, 1.4485140828525318
77.55101776123047, 13.32989501953125, 190.0, 8272.0, 0.04364304582519812, 0.8410674492821494, 0.01305903432560421, 0.09601068496704102, 1.4436132298575508
41.2244873046875, 22.08327865600586, 101.0, 13704.0, 0.014377224199288257, 0.7415965960962185, 0.007393320345624926, 0.08863568305969238, 1.4479217529296875
77.14286041259766, 14.557819366455078, 189.0, 9034.0, 0.039923954372623575, 0.8193572033686493, 0.01168474216154437, 0.0927891731262207, 1.4632047979455245

[2]:
, TPR, FPR, TP, FP, F1, AUC, AP, FwdTime, TPE
mean, 37.11111183166504, 24.91003532409668, 33.4, 2062.8, 0.032371410787399815, 0.5470581921131371, 0.011858116887789783, 0.06717743873596191, 1.4500538376324503
stderr, 3.559025899416249, 2.6855432091088227, 3.2031234756093934, 222.38983789732836, 0.00558579872599942, 0.03279764754276866, 0.0011576333938481055, 0.0013593569771782946, 0.003395426167777709

36.66666793823242, 33.51044464111328, 33.0, 2775.0, 0.02277432712215321, 0.477078721034765, 0.009537997096211287, 0.06475043296813965, 1.4470153245769564
27.77777862548828, 22.811254501342773, 25.0, 1889.0, 0.024950099800399198, 0.522784419487716, 0.010813457019437377, 0.06606149673461914, 1.4485140828525318
46.66666793823242, 19.11604881286621, 42.0, 1583.0, 0.04897959183673469, 0.6409156167397925, 0.015459846028367776, 0.06485748291015625, 1.4436132298575508
31.111112594604492, 28.559354782104492, 28.0, 2365.0, 0.02255336286749899, 0.48718082893907066, 0.009825548880022454, 0.07201313972473145, 1.4479217529296875
43.33333206176758, 20.55307388305664, 39.0, 1702.0, 0.042599672310213, 0.6073313743643414, 0.013653735414910013, 0.06820464134216309, 1.4632047979455245

Namespace(dataset='OPTC', delta=2.0, encoder='GCN', fpweight=0.6, hidden=32, load=False, ngrus=1, nowrite=False, pred=True, rnn='LSTM', te_end=None, tests=5, threads=1, workers=4, zdim=16)

[0]:
, TPR, FPR, TP, FP, F1, AUC, AP, FwdTime, TPE
mean, 46.66666717529297, 9.75478391647339, 12.6, 5867.6, 0.00661989437294946, 0.8738503162103768, 0.002431827574495767, 0.06260085105895996, 1.0100394217100686
stderr, 11.863419660750974, 1.5545422390695898, 3.2031234756093934, 935.0726495839774, 0.003809001602959717, 0.01637954237424812, 0.0008580935934664297, 0.0016635752330477216, 0.0030090123971037892

92.59259033203125, 3.725623607635498, 25.0, 2241.0, 0.021805494984736152, 0.9296344939310143, 0.005833027520317523, 0.05758976936340332, 1.0011390062669914
44.4444465637207, 10.014796257019043, 12.0, 6024.0, 0.003958436417615042, 0.8909368213452934, 0.0020147461009129126, 0.06051015853881836, 1.0114363133907318
25.925926208496094, 11.105384826660156, 7.0, 6680.0, 0.002085195114685731, 0.8425228606771724, 0.001375547750501532, 0.06304407119750977, 1.005886612399932
37.03703689575195, 12.368871688842773, 10.0, 7440.0, 0.0026748696001069948, 0.8607479817767261, 0.0015399022865446432, 0.06725358963012695, 1.0131534092566545
33.333335876464844, 11.559243202209473, 9.0, 6953.0, 0.0025754757476033766, 0.8454094233216775, 0.001395914214202223, 0.0646066665649414, 1.0185817672360329

[1]:
, TPR, FPR, TP, FP, F1, AUC, AP, FwdTime, TPE
mean, 77.33944854736328, 11.081442260742188, 168.6, 5884.8, 0.05686259705968651, 0.8753814625516873, 0.018335262076936264, 0.07258100509643554, 1.0100394217100686
stderr, 2.149609850639976, 1.2832027672769857, 4.686149805543993, 681.4448913888782, 0.007158470406906621, 0.016962703034197647, 0.003810682646819489, 0.002933101457904187, 0.0030090123971037892

70.64220428466797, 6.151963233947754, 154.0, 3267.0, 0.08463863698818357, 0.9399302403322483, 0.03343941628743631, 0.06972813606262207, 1.0011390062669914
81.65137481689453, 11.181621551513672, 178.0, 5938.0, 0.05620461004104831, 0.8791680667260379, 0.016537886644921895, 0.06490850448608398, 1.0114363133907318
74.31192016601562, 12.02334976196289, 162.0, 6385.0, 0.04789356984478936, 0.8504746093294486, 0.01405235191076832, 0.0710608959197998, 1.005886612399932
78.44036865234375, 13.324544906616211, 171.0, 7076.0, 0.04581379772270596, 0.8559489638408935, 0.01385152333423495, 0.07471799850463867, 1.0131534092566545
81.65137481689453, 12.72573184967041, 178.0, 6758.0, 0.04976237070170534, 0.8513854325298073, 0.013795132207319838, 0.0824894905090332, 1.0185817672360329

[2]:
, TPR, FPR, TP, FP, F1, AUC, AP, FwdTime, TPE
mean, 44.44444389343262, 16.30313777923584, 24.0, 1376.8, 0.04168128990860996, 0.7246347827993773, 0.01540857354470171, 0.0503504753112793, 1.0100394217100686
stderr, 16.386534412175568, 1.8847487175658837, 8.848728722251575, 159.16701919681725, 0.02169391386866663, 0.05209707867412985, 0.005692562629730881, 0.0016880978498002442, 0.0030090123971037892

100.0, 8.963883399963379, 54.0, 757.0, 0.12485549132947979, 0.9190557638751837, 0.03800087937978713, 0.04995846748352051, 1.0011390062669914
62.96295928955078, 17.2646541595459, 34.0, 1458.0, 0.04398447606727038, 0.7296559436879152, 0.012113146043473006, 0.05681276321411133, 1.0114363133907318
12.962963104248047, 17.64357566833496, 7.0, 1490.0, 0.009026434558349452, 0.6210907177159397, 0.007884927543304044, 0.04952645301818848, 1.005886612399932
18.518518447875977, 19.763174057006836, 10.0, 1669.0, 0.011540680900173112, 0.6528342433611825, 0.008842431229267589, 0.047162532806396484, 1.0131534092566545
27.77777862548828, 17.880401611328125, 15.0, 1510.0, 0.01899936668777708, 0.7005372453566652, 0.010201483527676771, 0.04829216003417969, 1.0185817672360329

Namespace(dataset='OPTC', delta=4.0, encoder='GCN', fpweight=0.6, hidden=32, load=False, ngrus=1, nowrite=False, pred=True, rnn='LSTM', te_end=None, tests=5, threads=1, workers=4, zdim=16)

[0]:
, TPR, FPR, TP, FP, F1, AUC, AP, FwdTime, TPE
mean, 11.818181800842286, 40.738267517089845, 2.6, 17205.4, 0.0002978876894557467, 0.5180447033196003, 0.0006163486859523864, 0.051797914505004886, 0.6641531865227985
stderr, 1.8181818246841452, 2.836358340839511, 0.39999999999999997, 1197.9076174730671, 2.937030925361052e-05, 0.005650874553503789, 7.446421856960599e-05, 0.0013883426802925962, 0.0029911638830372412

9.090909004211426, 39.411373138427734, 2.0, 16645.0, 0.00023996640470334157, 0.5275930207028374, 0.0005693741670674823, 0.0554046630859375, 0.6746512398575292
9.090909004211426, 31.735095977783203, 2.0, 13403.0, 0.00029790720190660605, 0.5309563169699553, 0.0005445890129185316, 0.05386662483215332, 0.6645908977674402
9.090909004211426, 41.497371673583984, 2.0, 17526.0, 0.00022792022792022788, 0.49899370175687835, 0.0005239089774957033, 0.04875802993774414, 0.6607262396043346
13.636363983154297, 41.5423583984375, 3.0, 17545.0, 0.0003414911781445646, 0.5138890682646898, 0.000531278833159199, 0.04841279983520508, 0.6566168882150566
18.18181800842285, 49.5051383972168, 4.0, 20908.0, 0.0003821534346039935, 0.5187914089036407, 0.0009125924391210161, 0.052547454833984375, 0.6641806671696324

[1]:
, TPR, FPR, TP, FP, F1, AUC, AP, FwdTime, TPE
mean, 23.75, 48.33953094482422, 7.6, 12739.4, 0.0011894511214625473, 0.5082174432723685, 0.0012574284878859349, 0.04791502952575684, 0.6641531865227985
stderr, 0.7654655446197431, 0.15035365720687094, 0.24494897427831783, 39.62398263678198, 3.8151168053771495e-05, 0.002675743999762855, 6.518666787109422e-06, 0.0019237540693301262, 0.0029911638830372412

25.0, 48.10654830932617, 8.0, 12678.0, 0.0012580594433086963, 0.5069166445321394, 0.0012522854555441526, 0.052628517150878906, 0.6746512398575292
25.0, 48.57706832885742, 8.0, 12802.0, 0.0012459118517364897, 0.5103637019048342, 0.0012709428586763821, 0.05252265930175781, 0.6645908977674402
21.875, 48.717464447021484, 7.0, 12839.0, 0.0010871253300201893, 0.5000889333687486, 0.0012366200253414688, 0.04498791694641113, 0.6607262396043346
21.875, 47.897850036621094, 7.0, 12623.0, 0.001105670510187964, 0.516565322152235, 0.0012717228840314794, 0.04383492469787598, 0.6566168882150566
25.0, 48.39872360229492, 8.0, 12755.0, 0.001250488472059398, 0.5071526144038856, 0.0012555712158361925, 0.04560112953186035, 0.6641806671696324

[2]:
, TPR, FPR, TP, FP, F1, AUC, AP, FwdTime, TPE
mean, 14.000000762939454, 46.27768783569336, 4.2, 3426.4, 0.00249193414054679, 0.4853835764451648, 0.003880739108695343, 0.02777128219604492, 0.6641531865227985
stderr, 0.6666667938232421, 3.7505333818214175, 0.19999999999999998, 277.6895028624596, 0.0002275216183728623, 0.007290663013983813, 3.009622463482466e-05, 0.0007277190007408548, 0.0029911638830372412

13.333333969116211, 45.151268005371094, 4.0, 3343.0, 0.0023689665383476457, 0.4843913200072033, 0.003826280307545195, 0.028988361358642578, 0.6746512398575292
13.333333969116211, 32.090763092041016, 4.0, 2376.0, 0.003319502074688797, 0.5112326670268323, 0.003879065391759695, 0.027797460556030273, 0.6645908977674402
13.333333969116211, 50.74283981323242, 4.0, 3757.0, 0.0021102611448166712, 0.47253736718890693, 0.0038369487635254397, 0.027369022369384766, 0.6607262396043346
16.666667938232422, 51.62074661254883, 5.0, 3822.0, 0.0025926886180969665, 0.4882315865298037, 0.003994876894082177, 0.02942371368408203, 0.6566168882150566
13.333333969116211, 51.78282165527344, 4.0, 3834.0, 0.002068252326783868, 0.47052494147307766, 0.003866524186564206, 0.02527785301208496, 0.6641806671696324

