Namespace(compressed=True, dataset='OPTC', delta=0.125, encoder='GCN', fpweight=0.6, hidden=32, impl='TEDGE', load=False, ngrus=1, nowrite=False, rnn='GRU', te_end=None, tests=5, threads=1, workers=4, zdim=16)

[0]:
, TPR, FPR, TP, FP, F1, AUC, AP, FwdTime, TPE, tr_time
mean, 98.92869873046875, 0.00182170441839844, 8477.2, 98.2, 0.9888050309814627, 0.9997684005148699, 0.9840229683753767, 0.4398451805114746, 9.43144476779804, 1612.1043823242187
stderr, 1.0479629516601563, 4.3663782353169016e-05, 89.8, 2.353720459187964, 0.0054229651809642775, 9.25772319964475e-06, 0.0016921749312941137, 0.04188098187260631, 0.13676463612285886, 88.59526849599146

99.9766616821289, 0.0016695865197107196, 8567.0, 90.0, 0.9946592360385464, 0.9997641733028736, 0.9896013611542694, 0.6065244674682617, 9.683399113097993, 1552.8516747951508
99.9766616821289, 0.0019293000223115087, 8567.0, 104.0, 0.9938515081206497, 0.9997591104424508, 0.9850184763167728, 0.4058074951171875, 8.936169253224913, 1638.5578343868256
99.9766616821289, 0.0018365451833233237, 8567.0, 99.0, 0.994139831737743, 0.9998048929244482, 0.9825220866432853, 0.38977861404418945, 9.510663678569179, 1420.4078075885773
94.73684692382812, 0.0018736470956355333, 8118.0, 101.0, 0.9671193709792709, 0.9997542380817257, 0.9792460112581468, 0.4091360569000244, 9.664446344180982, 1511.2502117156982
99.9766616821289, 0.0017994432710111141, 8567.0, 97.0, 0.9942552080311031, 0.9997595878228511, 0.9837269065044095, 0.38797926902770996, 9.362545449917134, 1937.454383134842

[1]:
, TPR, FPR, TP, FP, F1, AUC, AP, FwdTime, TPE, tr_time
mean, 96.09270477294922, 0.023684823885560036, 6468.0, 1083.8, 0.9093719431298106, 0.9845363138793269, 0.9109733431865813, 0.3879879951477051, 9.43144476779804, 1612.1043823242187
stderr, 1.6891661524648987, 0.010523293058892222, 113.6978451862655, 481.5380981812342, 0.02859349275292994, 0.0005597735467987586, 0.013326335926158466, 0.00676790869940572, 0.13676463612285886, 88.59526849599146

98.0240707397461, 0.051006071269512177, 6598.0, 2334.0, 0.8424950520334546, 0.9839678013623316, 0.9038665314969192, 0.36154818534851074, 9.683399113097993, 1552.8516747951508
98.32119750976562, 0.008435451425611973, 6618.0, 386.0, 0.9636694575900983, 0.9839436482446423, 0.8994762767480664, 0.3915390968322754, 8.936169253224913, 1638.5578343868256
98.38062286376953, 0.005747470539063215, 6622.0, 263.0, 0.9726792009400705, 0.9867742643252366, 0.9595090801049238, 0.3935661315917969, 9.510663678569179, 1420.4078075885773
89.52607727050781, 0.005441521760076284, 6026.0, 249.0, 0.9266492388128555, 0.9839514091754906, 0.8791928452313371, 0.4000692367553711, 9.664446344180982, 1511.2502117156982
96.21155548095703, 0.04779360443353653, 6476.0, 2187.0, 0.8413667662725738, 0.9840444462889334, 0.9128219823516599, 0.3932173252105713, 9.362545449917134, 1937.454383134842

[2]:
, TPR, FPR, TP, FP, F1, AUC, AP, FwdTime, TPE, tr_time
mean, 100.0, 0.04172981381416321, 6521.0, 158.6, 0.9879854141076165, 0.9997635614799949, 0.9707007512636187, 0.3229084014892578, 9.43144476779804, 1612.1043823242187
stderr, 0.0, 0.0002440009262017413, 0.0, 0.9273618495495702, 6.940899145045999e-05, 1.3710722298019709e-05, 0.003080890438618579, 0.019377780195174957, 0.13676463612285886, 88.59526849599146

100.0, 0.04130883142352104, 6521.0, 157.0, 0.9881051594817789, 0.9997880935027341, 0.974590988026435, 0.2925264835357666, 9.683399113097993, 1552.8516747951508
100.0, 0.041045721620321274, 6521.0, 156.0, 0.9881800272768602, 0.9997997679826436, 0.9779819431848551, 0.371079683303833, 8.936169253224913, 1638.5578343868256
100.0, 0.041835058480501175, 6521.0, 159.0, 0.9879554579198546, 0.9997539851705071, 0.9704664924856657, 0.290844202041626, 9.510663678569179, 1420.4078075885773
100.0, 0.04209817200899124, 6521.0, 160.0, 0.9878806241478565, 0.9997230395676215, 0.9596723866351551, 0.29044508934020996, 9.664446344180982, 1511.2502117156982
100.0, 0.04236128553748131, 6521.0, 161.0, 0.9878058017117322, 0.9997529211764682, 0.9707919459859818, 0.3696465492248535, 9.362545449917134, 1937.454383134842

[3]:
, TPR, FPR, TP, FP, F1, AUC, AP, FwdTime, TPE, tr_time
mean, 98.377685546875, 0.012357768509536982, 21515.2, 1278.6, 0.9637634748489532, 0.9951569387901571, 0.9631934192289864, 1.3033143997192382, 9.43144476779804, 1612.1043823242187
stderr, 0.9240138997167203, 0.004562396387576094, 202.08176562965792, 472.04963722049393, 0.00953847062679145, 0.00019268951252939442, 0.004649028367560555, 0.02952064517594024, 0.13676463612285886, 88.59526849599146

99.3827133178711, 0.02386307716369629, 21735.0, 2469.0, 0.9434822242479489, 0.994980257541613, 0.9730607168549261, 1.3627142906188965, 9.683399113097993, 1552.8516747951508
99.47416687011719, 0.005779716651886702, 21755.0, 598.0, 0.9838771679895078, 0.9949541214383618, 0.9646767509332894, 1.3121905326843262, 8.936169253224913, 1638.5578343868256
99.4924545288086, 0.004513591527938843, 21759.0, 467.0, 0.9868922351233672, 0.9959272748000308, 0.9721439126083301, 1.1934583187103271, 9.510663678569179, 1420.4078075885773
94.71421813964844, 0.00446526613086462, 20714.0, 462.0, 0.9624123031175951, 0.9949466992462399, 0.9482196672033165, 1.3451926708221436, 9.664446344180982, 1511.2502117156982
98.82487487792969, 0.023167191073298454, 21613.0, 2397.0, 0.942153443766347, 0.9949763409245406, 0.9578660485450692, 1.303016185760498, 9.362545449917134, 1937.454383134842

Namespace(compressed=True, dataset='OPTC', delta=0.25, encoder='GCN', fpweight=0.6, hidden=32, impl='TEDGE', load=False, ngrus=1, nowrite=False, rnn='GRU', te_end=None, tests=5, threads=1, workers=4, zdim=16)

[0]:
, TPR, FPR, TP, FP, F1, AUC, AP, FwdTime, TPE, tr_time
mean, 97.88566741943359, 0.0014135885750874877, 8407.4, 76.2, 0.9844360493986508, 0.9997853475914666, 0.992746413990276, 0.21160635948181153, 5.720141404507567, 925.8980488300324
stderr, 2.0910476684570307, 5.292737636627734e-05, 179.6, 2.8530685235374205, 0.0111587012963606, 1.9221689192420203e-05, 0.002154679812255163, 0.0073803925945064444, 0.09655498157665154, 37.89693109818104

99.97671508789062, 0.0013171231839805841, 8587.0, 71.0, 0.9957673798341741, 0.9997726207764698, 0.996146103742832, 0.23120760917663574, 5.621266009715887, 899.1979069709778
89.52147674560547, 0.0015768377343192697, 7689.0, 85.0, 0.9398032145694554, 0.9997572935946342, 0.9866248806562087, 0.20138192176818848, 5.385298163283105, 828.3311429023743
99.97671508789062, 0.0012800211552530527, 8587.0, 69.0, 0.9958828645984343, 0.9997589312430988, 0.9885602140978916, 0.2278289794921875, 5.88318021624696, 911.8172092437744
99.97671508789062, 0.001446980400942266, 8587.0, 78.0, 0.9953633939955953, 0.9998606889285393, 0.9950965699664879, 0.20102214813232422, 5.881418853998184, 929.0303010940552
99.97671508789062, 0.001446980400942266, 8587.0, 78.0, 0.9953633939955953, 0.9997772034145916, 0.99730430148796, 0.19659113883972168, 5.829543779293696, 1061.11368393898

[1]:
, TPR, FPR, TP, FP, F1, AUC, AP, FwdTime, TPE, tr_time
mean, 90.087548828125, 0.032032915949821474, 6071.0, 1465.8, 0.8549181304299538, 0.9851279527832085, 0.8361531247306948, 0.20613012313842774, 5.720141404507567, 925.8980488300324
stderr, 0.5305022620139828, 0.011033386524516804, 35.75052447167733, 504.87873791634365, 0.03202535257805295, 0.0012784397156268266, 0.07091027321519254, 0.006850432092577904, 0.09655498157665154, 37.89693109818104

88.61848449707031, 0.04742217808961868, 5972.0, 2170.0, 0.802634231570459, 0.9837215424799015, 0.8573837943450036, 0.21538591384887695, 5.621266009715887, 899.1979069709778
90.62174987792969, 0.005179288797080517, 6107.0, 237.0, 0.9335779255522433, 0.9837704239227951, 0.9119620142014454, 0.19288921356201172, 5.385298163283105, 828.3311429023743
90.5624008178711, 0.005222995765507221, 6103.0, 239.0, 0.9331090895191498, 0.9838808029221647, 0.9020776138914175, 0.22851109504699707, 5.88318021624696, 911.8172092437744
89.12301635742188, 0.0475970059633255, 6006.0, 2178.0, 0.8049319841854855, 0.9902373245478345, 0.950557456835816, 0.19500017166137695, 5.881418853998184, 929.0303010940552
91.51209259033203, 0.05474311113357544, 6167.0, 2505.0, 0.8003374213224319, 0.9840296700433471, 0.5587847443797912, 0.19886422157287598, 5.829543779293696, 1061.11368393898

[2]:
, TPR, FPR, TP, FP, F1, AUC, AP, FwdTime, TPE, tr_time
mean, 100.0, 0.011896302178502082, 6635.0, 45.2, 0.996605402210281, 0.9999394602450863, 0.9897596420086907, 0.17863821983337402, 5.720141404507567, 925.8980488300324
stderr, 0.0, 0.00024122008568983812, 0.0, 0.9165151389911679, 6.860506825383963e-05, 2.3204952773566254e-05, 0.004045586323413721, 0.009019330573798917, 0.09655498157665154, 37.89693109818104

100.0, 0.011843663640320301, 6635.0, 45.0, 0.9966203529853548, 0.9999947361494933, 0.9985820972620989, 0.1901707649230957, 5.621266009715887, 899.1979069709778
100.0, 0.012370049022138119, 6635.0, 47.0, 0.9964706765788091, 0.9999012665074223, 0.9830074431549514, 0.14972877502441406, 5.385298163283105, 828.3311429023743
100.0, 0.011843663640320301, 6635.0, 45.0, 0.9966203529853548, 0.9998999931871415, 0.9797727997603081, 0.18155741691589355, 5.88318021624696, 911.8172092437744
100.0, 0.011054085567593575, 6635.0, 42.0, 0.996844951923077, 0.9999978067950678, 0.9997525966510276, 0.1693568229675293, 5.881418853998184, 929.0303010940552
100.0, 0.012370049022138119, 6635.0, 47.0, 0.9964706765788091, 0.9999034985863071, 0.9876832732150675, 0.2023773193359375, 5.829543779293696, 1061.11368393898

[3]:
, TPR, FPR, TP, FP, F1, AUC, AP, FwdTime, TPE, tr_time
mean, 96.13167572021484, 0.014911417569965123, 21113.4, 1542.8, 0.946760485458854, 0.9953628610265117, 0.9572438801853442, 0.6204127788543701, 5.720141404507567, 925.8980488300324
stderr, 0.7925737942752207, 0.004705448297373493, 174.07314554519888, 486.84611531776653, 0.008773770158342293, 0.00040340918634173986, 0.015187265715280255, 0.011828439182717145, 0.09655498157665154, 37.89693109818104

96.4986572265625, 0.02105073072016239, 21194.0, 2178.0, 0.934995036947171, 0.9949274547574076, 0.9587532486120072, 0.6057372093200684, 5.621266009715887, 899.1979069709778
93.0246353149414, 0.0035664462484419346, 20431.0, 369.0, 0.9555456820148259, 0.9949181761938436, 0.9713766952515486, 0.6487226486206055, 5.385298163283105, 828.3311429023743
97.0951156616211, 0.0033538127318024635, 21325.0, 347.0, 0.9774263779076431, 0.994955614116517, 0.9690398661403513, 0.648193359375, 5.88318021624696, 911.8172092437744
96.65345764160156, 0.02221054956316948, 21228.0, 2298.0, 0.933324539998681, 0.9969742558688147, 0.9876579705534607, 0.6084249019622803, 5.881418853998184, 929.0303010940552
97.38651275634766, 0.02437554858624935, 21389.0, 2522.0, 0.9325107904259493, 0.9950388041959759, 0.8993916203693533, 0.5909857749938965, 5.829543779293696, 1061.11368393898

Namespace(compressed=True, dataset='OPTC', delta=0.5, encoder='GCN', fpweight=0.6, hidden=32, impl='TEDGE', load=False, ngrus=1, nowrite=False, rnn='GRU', te_end=None, tests=5, threads=1, workers=4, zdim=16)

[0]:
, TPR, FPR, TP, FP, F1, AUC, AP, FwdTime, TPE, tr_time
mean, 99.93016815185547, 0.0013171239290386439, 8586.0, 71.0, 0.9955361779893739, 0.9992972708265002, 0.9947415638218681, 0.13895297050476074, 4.073754929965302, 545.4855566978455
stderr, 0.0, 7.256279017876022e-05, 0.0, 3.911521443121589, 0.00022588006371529053, 6.638866757031242e-07, 0.000876226445643772, 0.007988089968731613, 0.10308522416485678, 16.440512392261457

99.93016815185547, 0.0010388583177700639, 8586.0, 56.0, 0.9964024602529883, 0.9992987990117046, 0.9967765651051624, 0.16254949569702148, 4.272020366133713, 508.0625743865967
99.93016815185547, 0.0014469812158495188, 8586.0, 78.0, 0.9951321279554938, 0.9992985292097827, 0.9963579115249128, 0.1290738582611084, 4.088371818715876, 526.2246975898743
99.93016815185547, 0.001317123998887837, 8586.0, 71.0, 0.9955359730998898, 0.9992952595671726, 0.9919165985577013, 0.12945914268493652, 4.244282294963968, 535.4661293029785
99.93016815185547, 0.0013913280563428998, 8586.0, 75.0, 0.9953051643192488, 0.9992963586170475, 0.9939543654174714, 0.12067413330078125, 4.069703162295147, 604.4232878684998
99.93016815185547, 0.0013913280563428998, 8586.0, 75.0, 0.9953051643192488, 0.9992974077267937, 0.9947023785040925, 0.15300822257995605, 3.694397007717806, 553.2510943412781

[1]:
, TPR, FPR, TP, FP, F1, AUC, AP, FwdTime, TPE, tr_time
mean, 92.2294708251953, 0.03555139168165624, 6221.8, 1626.8, 0.8550884047684386, 0.983398586494371, 0.9455618834636855, 0.14749207496643066, 4.073754929965302, 545.4855566978455
stderr, 1.7104427660175958, 0.008604638275289116, 115.38648101055858, 393.7405744903616, 0.029761873564488964, 0.000386540360763332, 0.008290685062776254, 0.007148513913295188, 0.10308522416485678, 16.440512392261457

89.32701110839844, 0.047247424721717834, 6026.0, 2162.0, 0.8070175438596492, 0.9829550749974765, 0.9445246096676609, 0.138505220413208, 4.272020366133713, 508.0625743865967
88.55618286132812, 0.04495279863476753, 5974.0, 2057.0, 0.8085538336604183, 0.9826079978386004, 0.9511541262775306, 0.14762425422668457, 4.088371818715876, 526.2246975898743
95.47880554199219, 0.0022509179543703794, 6441.0, 103.0, 0.9693002257336343, 0.9848587796686485, 0.9697447737058912, 0.17513179779052734, 4.244282294963968, 535.4661293029785
97.09457397460938, 0.0476626418530941, 6550.0, 2181.0, 0.846417264327712, 0.9832191584874512, 0.9180663472330539, 0.13744735717773438, 4.069703162295147, 604.4232878684998
90.69078063964844, 0.03564317524433136, 6118.0, 1631.0, 0.8441531562607797, 0.9833519214796784, 0.9443195604342911, 0.13875174522399902, 3.694397007717806, 553.2510943412781

[2]:
, TPR, FPR, TP, FP, F1, AUC, AP, FwdTime, TPE, tr_time
mean, 100.0, 0.011369916796684264, 6635.0, 43.2, 0.9967551055997289, 0.9999280379671582, 0.9903125966770171, 0.11502995491027831, 4.073754929965302, 545.4855566978455
stderr, 0.0, 0.00012893755935137512, 0.0, 0.48989794855663554, 3.66761643017119e-05, 1.0695761131091025e-05, 0.0021696388812823537, 0.007574140461913363, 0.10308522416485678, 16.440512392261457

100.0, 0.011054085567593575, 6635.0, 42.0, 0.996844951923077, 0.9999201493315119, 0.9897879769858371, 0.09397244453430176, 4.272020366133713, 508.0625743865967
100.0, 0.011843663640320301, 6635.0, 45.0, 0.9966203529853548, 0.999946416619884, 0.9943820701811708, 0.12402176856994629, 4.088371818715876, 526.2246975898743
100.0, 0.011317278258502483, 6635.0, 43.0, 0.9967700743634041, 0.9999591871099527, 0.9960426465301244, 0.1351938247680664, 4.244282294963968, 535.4661293029785
100.0, 0.011317278258502483, 6635.0, 43.0, 0.9967700743634041, 0.9999021784586141, 0.9865311316299207, 0.10139679908752441, 4.069703162295147, 604.4232878684998
100.0, 0.011317278258502483, 6635.0, 43.0, 0.9967700743634041, 0.9999122583158276, 0.9848191580580323, 0.12056493759155273, 3.694397007717806, 553.2510943412781

[3]:
, TPR, FPR, TP, FP, F1, AUC, AP, FwdTime, TPE, tr_time
mean, 97.58714904785157, 0.016825136728584766, 21443.8, 1740.8, 0.9499808552224629, 0.994651107320218, 0.9817793127429517, 0.37699437141418457, 4.073754929965302, 545.4855566978455
stderr, 0.5251034419524238, 0.003802143219965845, 115.38648101055858, 393.38586654835484, 0.009859216906097644, 0.0001223868947986844, 0.002822096358731966, 0.017507795288316492, 0.10308522416485678, 16.440512392261457

96.69609832763672, 0.02183363027870655, 21248.0, 2259.0, 0.9343681977089334, 0.9945151250924259, 0.9843286388170546, 0.3864610195159912, 4.272020366133713, 508.0625743865967
96.45945739746094, 0.021070081740617752, 21196.0, 2180.0, 0.9347739801543551, 0.9943929969615989, 0.9833275405289623, 0.35291504859924316, 4.088371818715876, 526.2246975898743
98.5846939086914, 0.0020973430946469307, 21663.0, 217.0, 0.987960049254344, 0.9951092954660561, 0.9870509473983986, 0.44177937507629395, 4.244282294963968, 535.4661293029785
99.08072662353516, 0.02222023718059063, 21772.0, 2299.0, 0.9456835704202411, 0.9945839282189252, 0.9708214615244961, 0.35353589057922363, 4.069703162295147, 604.4232878684998
97.1147689819336, 0.01690439134836197, 21340.0, 1749.0, 0.9471184785744402, 0.9946541908620835, 0.9833679754458471, 0.3502805233001709, 3.694397007717806, 553.2510943412781

Namespace(compressed=True, dataset='OPTC', delta=1.0, encoder='GCN', fpweight=0.6, hidden=32, impl='TEDGE', load=False, ngrus=1, nowrite=False, rnn='GRU', te_end=None, tests=5, threads=1, workers=4, zdim=16)

[0]:
, TPR, FPR, TP, FP, F1, AUC, AP, FwdTime, TPE, tr_time
mean, 78.3486442565918, 0.0013430971186608077, 6737.2, 72.4, 0.8522208593681524, 0.9984792236484324, 0.9882800780887987, 0.09751181602478028, 3.253948306507708, 373.3093746185303
stderr, 12.14243129554824, 9.342077187116202e-05, 1044.1276454533709, 5.035871324805668, 0.08237906455419418, 1.5774471901186077e-06, 0.0020260803599713205, 0.0032296793041073787, 0.02077347343491433, 19.388177138581778

47.64507293701172, 0.0015211873687803745, 4097.0, 82.0, 0.641258412897167, 0.9984751503013365, 0.9830092759219, 0.10017681121826172, 3.189865670484655, 366.8535306453705
49.77322769165039, 0.0014840852236375213, 4280.0, 80.0, 0.6605447951230805, 0.9984755946078726, 0.9836586288455097, 0.08512377738952637, 3.2414597835805683, 334.24525785446167
94.62728881835938, 0.0010017575696110725, 8137.0, 54.0, 0.9692674210839786, 0.9984816007606726, 0.9913382759994507, 0.09910273551940918, 3.2757683447849604, 371.16246795654297
99.84881591796875, 0.001298574497923255, 8586.0, 70.0, 0.9951898000579542, 0.9984815906858414, 0.991339218102033, 0.09908246994018555, 3.315916061401367, 348.10368728637695
99.84881591796875, 0.0014098809333518147, 8586.0, 76.0, 0.9948438676785818, 0.9984821818864393, 0.9920549915751005, 0.10407328605651855, 3.2467316722869874, 446.1819293498993

[1]:
, TPR, FPR, TP, FP, F1, AUC, AP, FwdTime, TPE, tr_time
mean, 92.92531127929688, 0.019231152161955832, 6270.6, 880.0, 0.9064373437387723, 0.9869642530856385, 0.9614535199532035, 0.09273209571838378, 3.253948306507708, 373.3093746185303
stderr, 1.6049464849091633, 0.010411928118785793, 108.30170820444154, 476.4403425403856, 0.038631062091975726, 0.0013427054085132022, 0.006956832149037964, 0.0024318709742784748, 0.02077347343491433, 19.388177138581778

94.70954895019531, 0.00227277260273695, 6391.0, 104.0, 0.9651891565355282, 0.9899857941299051, 0.9704231266517439, 0.0860586166381836, 3.189865670484655, 366.8535306453705
96.28038024902344, 0.0024257474578917027, 6497.0, 111.0, 0.9728960766696616, 0.985711184957286, 0.9749091272680906, 0.10036659240722656, 3.2414597835805683, 334.24525785446167
95.50978088378906, 0.0019886759109795094, 6445.0, 91.0, 0.9703402589581452, 0.9903560416163764, 0.9725079517423295, 0.08962488174438477, 3.2757683447849604, 371.16246795654297
88.5299301147461, 0.04460316151380539, 5974.0, 2041.0, 0.809320598794283, 0.9838650425378221, 0.9412641133997913, 0.09512829780578613, 3.315916061401367, 348.10368728637695
89.59691619873047, 0.044865403324365616, 6046.0, 2053.0, 0.8144406277362432, 0.9849032021868029, 0.9481632807040622, 0.09248208999633789, 3.2467316722869874, 446.1819293498993

[2]:
, TPR, FPR, TP, FP, F1, AUC, AP, FwdTime, TPE, tr_time
mean, 100.0, 0.010685616545379162, 6635.0, 40.6, 0.9969498300132902, 0.9999723696639178, 0.995958601690884, 0.06926298141479492, 3.253948306507708, 373.3093746185303
stderr, 0.0, 0.0003069326082603991, 0.0, 1.16619037896906, 8.733027456347797e-05, 1.636835809305029e-05, 0.0031301016440142804, 0.004117049051953984, 0.02077347343491433, 19.388177138581778

100.0, 0.010527701117098331, 6635.0, 40.0, 0.9969947407963937, 0.9999969277677337, 0.9997638180247471, 0.06765365600585938, 3.189865670484655, 366.8535306453705
100.0, 0.010527701117098331, 6635.0, 40.0, 0.9969947407963937, 0.9999886186587237, 0.9993111579531222, 0.07882189750671387, 3.2414597835805683, 334.24525785446167
100.0, 0.010527701117098331, 6635.0, 40.0, 0.9969947407963937, 0.9999723828334609, 0.9982103016053837, 0.05902290344238281, 3.2757683447849604, 371.16246795654297
100.0, 0.011843663640320301, 6635.0, 45.0, 0.9966203529853548, 0.9999091916369831, 0.9834791570092369, 0.07870149612426758, 3.315916061401367, 348.10368728637695
100.0, 0.010001315735280514, 6635.0, 38.0, 0.9971445746919148, 0.9999947274226877, 0.9990285738619304, 0.06211495399475098, 3.2467316722869874, 446.1819293498993

[3]:
, TPR, FPR, TP, FP, F1, AUC, AP, FwdTime, TPE, tr_time
mean, 89.51375885009766, 0.009582064813002944, 19679.6, 991.4, 0.9208528657555981, 0.9953969583487986, 0.9802802459008741, 0.2170534610748291, 3.253948306507708, 373.3093746185303
stderr, 4.3280896091527215, 0.0045999922249915235, 951.5304304119758, 475.93419713233465, 0.019555527168764093, 0.0004218331906297212, 0.003791141266394888, 0.00512047950339479, 0.02077347343491433, 19.388177138581778

77.75301361083984, 0.002193997148424387, 17094.0, 227.0, 0.8697908716226531, 0.9963194929216962, 0.9694401050123163, 0.22011423110961914, 3.189865670484655, 366.8535306453705
80.15464782714844, 0.0022519882768392563, 17622.0, 233.0, 0.8846385542168675, 0.9949648714298137, 0.9863176002333593, 0.21289467811584473, 3.2414597835805683, 334.24525785446167
96.5112533569336, 0.0017687289509922266, 21218.0, 183.0, 0.9781035357027612, 0.9964949027690108, 0.9876824906611822, 0.20740413665771484, 3.2757683447849604, 371.16246795654297
96.41119384765625, 0.020809143781661987, 21196.0, 2153.0, 0.9351038955309481, 0.9944382645455785, 0.9728435419232097, 0.2092578411102295, 3.315916061401367, 348.10368728637695
96.73868560791016, 0.020886465907096863, 21268.0, 2161.0, 0.9366274717047607, 0.9947672600778941, 0.9851174916743038, 0.2355964183807373, 3.2467316722869874, 446.1819293498993

Namespace(compressed=True, dataset='OPTC', delta=1.5, encoder='GCN', fpweight=0.6, hidden=32, impl='TEDGE', load=False, ngrus=1, nowrite=False, rnn='GRU', te_end=None, tests=5, threads=1, workers=4, zdim=16)

[0]:
, TPR, FPR, TP, FP, F1, AUC, AP, FwdTime, TPE, tr_time
mean, 81.31410598754883, 0.0014989260816946626, 6992.2, 80.8, 0.8756643703066807, 0.9984743420452917, 0.9850448749075902, 0.09748106002807617, 3.146262822258641, 343.9154444694519
stderr, 10.683709427818982, 7.289412418740241e-05, 918.6921900179625, 3.9293765408777004, 0.07110113713530898, 5.740615236820238e-06, 0.00418472372078743, 0.008080752997294821, 0.016044304113772282, 21.866294933770792

99.84881591796875, 0.001391329918988049, 8586.0, 75.0, 0.994901506373117, 0.9984834768366622, 0.9933796816112552, 0.10675239562988281, 3.1016612341115763, 380.9678361415863
94.62728881835938, 0.0016510448185727, 8137.0, 89.0, 0.9672511144130759, 0.9984783314239536, 0.9866952737797473, 0.12010908126831055, 3.126831891924836, 368.43936920166016
99.84881591796875, 0.001446983078494668, 8586.0, 78.0, 0.9947286103226554, 0.9984833162434184, 0.993475133819016, 0.10017776489257812, 3.1952106051974827, 387.6148250102997
47.48226547241211, 0.0013171256287023425, 4083.0, 71.0, 0.6403199247235944, 0.9984524524612935, 0.9715121281144227, 0.08733391761779785, 3.165464330075392, 299.5622935295105
64.76334381103516, 0.0016881469637155533, 5569.0, 91.0, 0.7811206957009608, 0.9984741332611307, 0.9801621572135101, 0.07303214073181152, 3.1421460499839178, 282.9928984642029

[1]:
, TPR, FPR, TP, FP, F1, AUC, AP, FwdTime, TPE, tr_time
mean, 95.15412139892578, 0.021136784041300417, 6421.0, 967.2, 0.9125434657540568, 0.9909754623527476, 0.9554821261208118, 0.08247604370117187, 3.146262822258641, 343.9154444694519
stderr, 1.6916499315031504, 0.010670187444344444, 114.15252953833304, 488.2580670096501, 0.037065071820135485, 0.0020558408189370833, 0.00823152476119158, 0.001877831632036601, 0.016044304113772282, 21.866294933770792

96.01363372802734, 0.049563921988010406, 6479.0, 2268.0, 0.836269764440142, 0.985420141968241, 0.9445423371005126, 0.08034396171569824, 3.1016612341115763, 380.9678361415863
97.3918228149414, 0.0058349063619971275, 6572.0, 267.0, 0.9673953043350262, 0.9881895677614494, 0.9550513908238065, 0.08681440353393555, 3.126831891924836, 368.43936920166016
88.50029754638672, 0.04477798938751221, 5972.0, 2049.0, 0.8087209695984833, 0.9932819172736099, 0.9312278726571945, 0.08675146102905273, 3.1952106051974827, 387.6148250102997
97.59928894042969, 0.002666136948391795, 6586.0, 122.0, 0.9788941736028537, 0.9973378339680621, 0.9757909398679476, 0.08121919631958008, 3.165464330075392, 299.5622935295105
96.26556396484375, 0.0028409655205905437, 6496.0, 130.0, 0.9714371167937789, 0.9906478507923754, 0.9707980901545974, 0.07725119590759277, 3.1421460499839178, 282.9928984642029

[2]:
, TPR, FPR, TP, FP, F1, AUC, AP, FwdTime, TPE, tr_time
mean, 100.0, 0.013469130173325539, 6773.0, 52.0, 0.9961759168417712, 0.9999573751505985, 0.9934899929685932, 0.06808772087097167, 3.146262822258641, 343.9154444694519
stderr, 0.0, 0.0001638195995190523, 0.0, 0.6324555320336759, 4.6333062343843506e-05, 1.3171339896977351e-05, 0.003238315604131292, 0.0033504456632843438, 0.016044304113772282, 21.866294933770792

100.0, 0.012951086275279522, 6773.0, 50.0, 0.9963224477787584, 0.9999483218574713, 0.9952131689580049, 0.060614585876464844, 3.1016612341115763, 380.9678361415863
100.0, 0.013987172394990921, 6773.0, 54.0, 0.9960294117647059, 0.9999136009759416, 0.9812024864370097, 0.06142401695251465, 3.126831891924836, 368.43936920166016
100.0, 0.013469130732119083, 6773.0, 52.0, 0.9961759082217974, 0.9999594219691186, 0.9935609415796718, 0.06676983833312988, 3.1952106051974827, 387.6148250102997
100.0, 0.013469130732119083, 6773.0, 52.0, 0.9961759082217974, 0.9999733310495875, 0.9981362503809028, 0.07705926895141602, 3.165464330075392, 299.5622935295105
100.0, 0.013469130732119083, 6773.0, 52.0, 0.9961759082217974, 0.9999921999008732, 0.9993371174873764, 0.07457089424133301, 3.1421460499839178, 282.9928984642029

[3]:
, TPR, FPR, TP, FP, F1, AUC, AP, FwdTime, TPE, tr_time
mean, 90.91768951416016, 0.011414587078616024, 19992.8, 1181.0, 0.9248535431730109, 0.9964202294698612, 0.9733901791171539, 0.1711857795715332, 3.146262822258641, 343.9154444694519
stderr, 4.0594536306808315, 0.004823841001968119, 892.6738710189741, 499.0943798521478, 0.016203380343789063, 0.0006486386125525226, 0.003258184774061083, 0.010080647675936184, 0.016044304113772282, 21.866294933770792

98.6857681274414, 0.024472255259752274, 21701.0, 2532.0, 0.9389697769508686, 0.9946438816043031, 0.9672081306301673, 0.187882661819458, 3.1016612341115763, 380.9678361415863
97.10322570800781, 0.006031077355146408, 21353.0, 624.0, 0.9713193986398889, 0.9955796014706574, 0.9657550155628231, 0.19021201133728027, 3.126831891924836, 368.43936920166016
96.38017272949219, 0.021669352427124977, 21194.0, 2242.0, 0.9331220006163872, 0.997194517511077, 0.9814939004874705, 0.14579057693481445, 3.1952106051974827, 387.6148250102997
78.69486236572266, 0.002348640700802207, 17305.0, 243.0, 0.8753604127674642, 0.9984034826628515, 0.9721353781151973, 0.18464112281799316, 3.165464330075392, 299.5622935295105
83.72441864013672, 0.0025516096502542496, 18411.0, 264.0, 0.9054961268904463, 0.9962796641004177, 0.9803584707901105, 0.14740252494812012, 3.1421460499839178, 282.9928984642029

Namespace(compressed=True, dataset='OPTC', delta=2.0, encoder='GCN', fpweight=0.6, hidden=32, impl='TEDGE', load=False, ngrus=1, nowrite=False, rnn='GRU', te_end=None, tests=5, threads=1, workers=4, zdim=16)

[0]:
, TPR, FPR, TP, FP, F1, AUC, AP, FwdTime, TPE, tr_time
mean, 97.80726165771485, 0.0013579362304881216, 8403.6, 73.2, 0.9842154921731613, 0.9992960062401053, 0.9924689221191809, 0.0785344123840332, 2.624480038182972, 283.0196090221405
stderr, 2.0766142290538037, 4.744134512257156e-05, 178.42270034947907, 2.5573423705088842, 0.010944082917397392, 7.387746671136185e-07, 0.0012618868054673467, 0.002784457453133669, 0.01612143357278671, 8.777974339663647

89.50186157226562, 0.0013356750132516026, 7690.0, 72.0, 0.9404427051485875, 0.9992934297677741, 0.9880164797094645, 0.08141827583312988, 2.629661080084349, 279.90938329696655
99.91852569580078, 0.001261470839381218, 8585.0, 68.0, 0.9956509133082053, 0.9992973193761642, 0.9947433910289651, 0.07024598121643066, 2.6713398001087247, 257.99626445770264
99.93016815185547, 0.001502634258940816, 8586.0, 81.0, 0.9949591517469146, 0.9992962521731071, 0.9920694139270069, 0.07417941093444824, 2.6100388503656156, 296.02531385421753
99.93016815185547, 0.001428430201485753, 8586.0, 77.0, 0.9951898000579542, 0.9992975087189903, 0.9950554305158088, 0.08580780029296875, 2.637773208057179, 308.2136421203613
99.75558471679688, 0.001261470839381218, 8571.0, 68.0, 0.9948348906041438, 0.9992955211644907, 0.9924598954146587, 0.08102059364318848, 2.573587252298991, 272.95344138145447

[1]:
, TPR, FPR, TP, FP, F1, AUC, AP, FwdTime, TPE, tr_time
mean, 93.22771759033203, 0.02887298979330808, 6296.6, 1321.2, 0.880154781911173, 0.9851591021159903, 0.9639393114377441, 0.07519369125366211, 2.624480038182972, 283.0196090221405
stderr, 1.8403780202870772, 0.010858632937193843, 124.29907481554318, 496.88050877449393, 0.029880122902106836, 0.0033951669450544334, 0.003753635698109347, 0.004240288736690849, 0.01612143357278671, 8.777974339663647

97.37933349609375, 0.047444187104701996, 6577.0, 2171.0, 0.8485356728164108, 0.9987300221498258, 0.9582490707715755, 0.07019615173339844, 2.629661080084349, 279.90938329696655
96.16523742675781, 0.04757530987262726, 6495.0, 2177.0, 0.8420847919097627, 0.9820072762916903, 0.9716689089255567, 0.0688788890838623, 2.6713398001087247, 257.99626445770264
89.013916015625, 0.002687994157895446, 6012.0, 123.0, 0.9328885095818139, 0.9820960068992323, 0.9592444223585475, 0.06769371032714844, 2.6100388503656156, 296.02531385421753
88.62895965576172, 0.04473434016108513, 5986.0, 2047.0, 0.8096300804760937, 0.9815073914625776, 0.9562088715170733, 0.09014725685119629, 2.637773208057179, 308.2136421203613
94.95114135742188, 0.0019231176702305675, 6413.0, 88.0, 0.9676348547717842, 0.981454813776626, 0.9743252836159679, 0.07905244827270508, 2.573587252298991, 272.95344138145447

[2]:
, TPR, FPR, TP, FP, F1, AUC, AP, FwdTime, TPE, tr_time
mean, 100.0, 0.010580339562147855, 6635.0, 40.2, 0.9969800512786053, 0.9999638702312097, 0.9933489270267355, 0.050234651565551756, 2.624480038182972, 283.0196090221405
stderr, 0.0, 0.0009467618106279226, 0.0, 3.597221149720989, 0.00026955033823703687, 1.9669365043950293e-05, 0.00390514371642813, 0.0025966030416371363, 0.01612143357278671, 8.777974339663647

100.0, 0.012370049022138119, 6635.0, 47.0, 0.9964706765788091, 0.9999092015538078, 0.9848502240063903, 0.04257512092590332, 2.629661080084349, 279.90938329696655
100.0, 0.007369390223175287, 6635.0, 28.0, 0.997894420213566, 0.9999964870640478, 0.9996881968883855, 0.04673409461975098, 2.6713398001087247, 257.99626445770264
100.0, 0.011843663640320301, 6635.0, 45.0, 0.9966203529853548, 0.9999229530161675, 0.9827867811288411, 0.055745601654052734, 2.6100388503656156, 296.02531385421753
100.0, 0.011843663640320301, 6635.0, 45.0, 0.9966203529853548, 0.9999915873593409, 0.9994747264516484, 0.05009293556213379, 2.637773208057179, 308.2136421203613
100.0, 0.00947493128478527, 6635.0, 36.0, 0.9972944536299414, 0.9999991221626849, 0.9999447066584124, 0.05602550506591797, 2.573587252298991, 272.95344138145447

[3]:
, TPR, FPR, TP, FP, F1, AUC, AP, FwdTime, TPE, tr_time
mean, 97.0207733154297, 0.014035801612772047, 21343.6, 1452.2, 0.9533919251285832, 0.9944641719839591, 0.9832213320819655, 0.15282173156738282, 2.624480038182972, 283.0196090221405
stderr, 0.6704778748605855, 0.004855036648346135, 147.498677960177, 502.3214508658773, 0.012104972788770494, 0.0010814422919183276, 0.004359272044592034, 0.00814671229295727, 0.01612143357278671, 8.777974339663647

95.00886535644531, 0.022094644606113434, 20901.0, 2286.0, 0.9251095472048864, 0.9987860629385197, 0.9669157477066241, 0.18438434600830078, 2.629661080084349, 279.90938329696655
98.72721099853516, 0.0220076572149992, 21719.0, 2277.0, 0.9444070007609523, 0.9934989477301553, 0.990078358802703, 0.1477818489074707, 2.6713398001087247, 257.99626445770264
96.53166198730469, 0.0023969693575054407, 21236.0, 248.0, 0.9767495343007612, 0.993468911011487, 0.9818826319422098, 0.1388697624206543, 2.6100388503656156, 296.02531385421753
96.5589370727539, 0.02178535796701908, 21242.0, 2254.0, 0.9338169029563689, 0.9933088307210375, 0.9867176504510851, 0.14252948760986328, 2.637773208057179, 308.2136421203613
98.27719116210938, 0.001894378918223083, 21620.0, 196.0, 0.9868766404199475, 0.9932581075185957, 0.9905122715072058, 0.150543212890625, 2.573587252298991, 272.95344138145447

Namespace(compressed=True, dataset='OPTC', delta=2.5, encoder='GCN', fpweight=0.6, hidden=32, impl='TEDGE', load=False, ngrus=1, nowrite=False, rnn='GRU', te_end=None, tests=5, threads=1, workers=4, zdim=16)

[0]:
, TPR, FPR, TP, FP, F1, AUC, AP, FwdTime, TPE, tr_time
mean, 80.85764045715332, 0.0012975696008652449, 6957.8, 70.0, 0.8555724092501451, 0.9977844426248182, 0.9886259256871972, 0.07156934738159179, 2.2060411439498924, 215.52451891899108
stderr, 14.003764494079025, 4.018662995763472e-05, 1205.0239167750985, 2.16794833886788, 0.11238883698216304, 1.6008040036040901e-06, 0.0020699267494249714, 0.004089170697544074, 0.022630291704766436, 5.322362467559867

84.13713073730469, 0.0013717164983972907, 7240.0, 74.0, 0.9096048746780576, 0.9977843348900286, 0.9884048916093644, 0.08201479911804199, 2.166616685250226, 204.47415375709534
94.57292175292969, 0.001149275922216475, 8138.0, 62.0, 0.9685212734305266, 0.9977853110130654, 0.9904078584982674, 0.07921552658081055, 2.147573074873756, 202.57492399215698
99.7791976928711, 0.0013346429914236069, 8586.0, 72.0, 0.9947286103226555, 0.9977883214348465, 0.9933627282189841, 0.06158280372619629, 2.2728178611168492, 216.57266926765442
26.01975440979004, 0.0012790329055860639, 2239.0, 69.0, 0.4103362961605425, 0.9977786101814254, 0.9809937740656769, 0.07165670394897461, 2.2343773945518164, 224.52485704421997
99.7791976928711, 0.0013531796867027879, 8586.0, 73.0, 0.9946709916589435, 0.9977856356047261, 0.9899603760436927, 0.06337690353393555, 2.2088207039568157, 229.47599053382874

[1]:
, TPR, FPR, TP, FP, F1, AUC, AP, FwdTime, TPE, tr_time
mean, 90.88592834472657, 0.009423268493264914, 6134.8, 431.2, 0.9229104917715114, 0.9886827066229309, 0.9621851610632561, 0.07359685897827148, 2.2060411439498924, 215.52451891899108
stderr, 1.6319475298460344, 0.006576992101457711, 110.1564342197041, 300.95704012366946, 0.021911434527883463, 0.0033428143490713664, 0.004107097432326524, 0.0039529236968100685, 0.022630291704766436, 5.322362467559867

97.25926208496094, 0.005419690627604723, 6565.0, 248.0, 0.968074909680749, 0.9979021441359422, 0.9624778029267897, 0.06731104850769043, 2.166616685250226, 204.47415375709534
88.51851654052734, 0.001879408722743392, 5975.0, 86.0, 0.9327921317617672, 0.9828653931705053, 0.9679736072529996, 0.08901548385620117, 2.147573074873756, 202.57492399215698
89.74815368652344, 0.03559949994087219, 6058.0, 1629.0, 0.839232527533421, 0.9838017452747214, 0.9490106414640995, 0.06940674781799316, 2.2728178611168492, 216.57266926765442
90.35556030273438, 0.00207609124481678, 6099.0, 95.0, 0.9423671199011124, 0.9957360673017435, 0.9729791827357703, 0.06946802139282227, 2.2343773945518164, 224.52485704421997
88.54814910888672, 0.0021416519302874804, 5977.0, 98.0, 0.9320857699805069, 0.9831081832317412, 0.9584845709366214, 0.07278299331665039, 2.2088207039568157, 229.47599053382874

[2]:
, TPR, FPR, TP, FP, F1, AUC, AP, FwdTime, TPE, tr_time
mean, 100.0, 0.010580339469015598, 6635.0, 40.2, 0.9969798305423145, 0.9999581719444504, 0.9949639740554679, 0.055451822280883786, 2.2060411439498924, 215.52451891899108
stderr, 0.0, 0.0004663784578221788, 0.0, 1.7720045146669348, 0.00013268650298056423, 1.8959486621228155e-05, 0.0025816781696247327, 0.0013734653448346924, 0.022630291704766436, 5.322362467559867

100.0, 0.012370049022138119, 6635.0, 47.0, 0.9964706765788091, 0.9999118358590989, 0.9885044531342246, 0.05448794364929199, 2.166616685250226, 204.47415375709534
100.0, 0.010001315735280514, 6635.0, 38.0, 0.9971445746919148, 1.0, 1.0, 0.0595545768737793, 2.147573074873756, 202.57492399215698
100.0, 0.010527701117098331, 6635.0, 40.0, 0.9969947407963937, 0.9999641030782518, 0.9974928543815976, 0.05633354187011719, 2.2728178611168492, 216.57266926765442
100.0, 0.010264508426189423, 6635.0, 39.0, 0.9970696521151101, 0.9999171092297572, 0.9889703209188953, 0.05579805374145508, 2.2343773945518164, 224.52485704421997
100.0, 0.009738123044371605, 6635.0, 37.0, 0.9972195085293455, 0.9999978115551436, 0.9998522418426217, 0.05108499526977539, 2.2088207039568157, 229.47599053382874

[3]:
, TPR, FPR, TP, FP, F1, AUC, AP, FwdTime, TPE, tr_time
mean, 89.65279235839844, 0.0026115374639630318, 19727.2, 270.2, 0.9355750688218271, 0.9954258248731291, 0.9840405786613318, 0.1298194408416748, 2.2060411439498924, 215.52451891899108
stderr, 5.445954191487075, 0.0004662936638048669, 1198.3278099084573, 48.244585188391866, 0.0327374517783621, 0.0010653950555671347, 0.001739532948362945, 0.006945929054200877, 0.022630291704766436, 5.322362467559867

92.89219665527344, 0.003566459519788623, 20440.0, 369.0, 0.9548501623338705, 0.9984867532885096, 0.9790255336960799, 0.15022683143615723, 2.166616685250226, 204.47415375709534
94.2828598022461, 0.0015947582433000207, 20746.0, 165.0, 0.9668414307351741, 0.9936272846121665, 0.9883473293441432, 0.1126856803894043, 2.147573074873756, 202.57492399215698
96.70514678955078, 0.003895076224580407, 21279.0, 403.0, 0.9741793709655266, 0.9938466445167357, 0.9846413785281294, 0.1193854808807373, 2.2728178611168492, 216.57266926765442
68.04672241210938, 0.0019330402137711644, 14973.0, 200.0, 0.8054980229711918, 0.9975275831902922, 0.9812260526850952, 0.1256411075592041, 2.2343773945518164, 224.52485704421997
96.3370361328125, 0.0020683531183749437, 21198.0, 214.0, 0.976506357103372, 0.9936408587579415, 0.9869625990532108, 0.1411581039428711, 2.2088207039568157, 229.47599053382874

Namespace(compressed=True, dataset='OPTC', delta=3.0, encoder='GCN', fpweight=0.6, hidden=32, impl='TEDGE', load=False, ngrus=1, nowrite=False, rnn='GRU', te_end=None, tests=5, threads=1, workers=4, zdim=16)

[0]:
, TPR, FPR, TP, FP, F1, AUC, AP, FwdTime, TPE, tr_time
mean, 81.98489151000976, 0.001090803847182542, 7054.8, 58.8, 0.8922344908440362, 0.9977859310745643, 0.9906739522896846, 0.07033295631408691, 1.9794309263354335, 202.36700682640077
stderr, 6.06812917979903, 0.0001163553866924667, 522.1624651389642, 6.272160712226689, 0.040518840984471095, 6.685048443053931e-07, 0.0007418286521717236, 0.0030909235175979686, 0.009781400069346894, 7.635914625507631

58.0360221862793, 0.0009646564722061157, 4994.0, 52.0, 0.7316680096696214, 0.9977839829238083, 0.9889001088763871, 0.07593107223510742, 1.9513264848040295, 218.42155838012695
89.35502624511719, 0.0012800248805433512, 7689.0, 69.0, 0.9398032145694555, 0.9977850194778641, 0.99073552260873, 0.06162619590759277, 1.9826788700802225, 204.56414437294006
84.14875030517578, 0.0009275542688556015, 7241.0, 50.0, 0.9110468042274785, 0.9977870852129702, 0.993242991186054, 0.06898331642150879, 1.9725296662913427, 209.93123412132263
89.19232940673828, 0.0008347989059984684, 7675.0, 45.0, 0.9402756508422665, 0.9977859106414215, 0.9895788989476754, 0.07856917381286621, 1.9785586561475481, 205.47653126716614
89.19232940673828, 0.0014469847083091736, 7675.0, 78.0, 0.9383787749113585, 0.9977876571167573, 0.9909122398295767, 0.06655502319335938, 2.012060954354026, 173.441565990448

[1]:
, TPR, FPR, TP, FP, F1, AUC, AP, FwdTime, TPE, tr_time
mean, 94.60651092529297, 0.05030707716941833, 6395.4, 2302.0, 0.8352121764833736, 0.9898131882230514, 0.9312668765452493, 0.055370235443115236, 1.9794309263354335, 202.36700682640077
stderr, 1.5767139519715871, 0.01702377191608452, 106.58592777660661, 778.9902438413462, 0.03502842598671563, 0.0038895614129852625, 0.017261644451212296, 0.003205331549423426, 0.009781400069346894, 7.635914625507631

95.60651397705078, 0.044122494757175446, 6463.0, 2019.0, 0.8480514368193152, 0.9807709192052834, 0.954730522507222, 0.049318552017211914, 1.9513264848040295, 218.42155838012695
96.15384674072266, 0.1085033193230629, 6500.0, 4965.0, 0.7133058984910837, 0.9813158208888854, 0.8700945906322297, 0.05105113983154297, 1.9826788700802225, 204.56414437294006
88.34320068359375, 0.001726437360048294, 5972.0, 79.0, 0.932323784247912, 0.9901972135788171, 0.9531280852511156, 0.06558585166931152, 1.9725296662913427, 209.93123412132263
96.15384674072266, 0.04698532447218895, 6500.0, 2150.0, 0.8436080467229073, 0.9975844860316345, 0.9161339970925519, 0.05066061019897461, 1.9785586561475481, 205.47653126716614
96.775146484375, 0.05019780993461609, 6542.0, 2297.0, 0.8387717161356497, 0.9991975014106362, 0.9622471872431271, 0.060235023498535156, 2.012060954354026, 173.441565990448

[2]:
, TPR, FPR, TP, FP, F1, AUC, AP, FwdTime, TPE, tr_time
mean, 100.0, 0.009632846340537071, 6635.0, 36.6, 0.9972495248694262, 0.9999803197838766, 0.9986676185687757, 0.049494600296020506, 1.9794309263354335, 202.36700682640077
stderr, 0.0, 0.0003491643437001907, 0.0, 1.3266499161421597, 9.942854981120527e-05, 3.2703761089661184e-06, 0.00023125644324542845, 0.004092597250292334, 0.009781400069346894, 7.635914625507631

100.0, 0.008685353212058544, 6635.0, 33.0, 0.9975193565361197, 0.9999828768172705, 0.9988883201985074, 0.04457283020019531, 1.9513264848040295, 218.42155838012695
100.0, 0.010001315735280514, 6635.0, 38.0, 0.9971445746919148, 0.9999705585344043, 0.9980499650771842, 0.04241514205932617, 1.9826788700802225, 204.56414437294006
100.0, 0.010527701117098331, 6635.0, 40.0, 0.9969947407963937, 0.999988144634507, 0.9990928412596296, 0.05104231834411621, 1.9725296662913427, 209.93123412132263
100.0, 0.008948545902967453, 6635.0, 34.0, 0.9974443776307877, 0.9999850426517669, 0.9991321123683402, 0.0446314811706543, 1.9785586561475481, 205.47653126716614
100.0, 0.010001315735280514, 6635.0, 38.0, 0.9971445746919148, 0.9999749762814347, 0.9981748539402173, 0.06481122970581055, 2.012060954354026, 173.441565990448

[3]:
, TPR, FPR, TP, FP, F1, AUC, AP, FwdTime, TPE, tr_time
mean, 91.23495483398438, 0.033613685285672545, 20087.2, 3477.8, 0.8855556189015727, 0.9957688490997603, 0.9568029169437494, 0.1197214126586914, 1.9794309263354335, 202.36700682640077
stderr, 2.4234172820982174, 0.017388921729542862, 533.5637169073624, 1799.1241869309633, 0.02993599145768813, 0.0012474826574781492, 0.012765661349362462, 0.007464566286761664, 0.009781400069346894, 7.635914625507631

82.17740631103516, 0.02025829255580902, 18093.0, 2096.0, 0.857366251243899, 0.9927652662550224, 0.9675684900410823, 0.11297392845153809, 1.9513264848040295, 218.42155838012695
94.59508514404297, 0.1013881042599678, 20827.0, 10490.0, 0.7810027374657817, 0.9931632816628697, 0.9131211862332341, 0.1019892692565918, 1.9826788700802225, 204.56414437294006
90.15760803222656, 0.001643086550757289, 19850.0, 170.0, 0.9444061184194875, 0.9958740301189659, 0.9832832288588035, 0.14704418182373047, 1.9725296662913427, 209.93123412132263
94.52241516113281, 0.021476108580827713, 20811.0, 2222.0, 0.9239067702552719, 0.9982416687500577, 0.9440000087015668, 0.11691021919250488, 1.9785586561475481, 205.47653126716614
94.72225952148438, 0.0233028344810009, 20855.0, 2411.0, 0.9210962171234237, 0.9987999987118857, 0.9760416708840606, 0.1196894645690918, 2.012060954354026, 173.441565990448

